value_1,value_2,result
76,11,87
43,24,67
9,76,85
47,66,113
67,7,74
42,90,132
75,7,82
30,1,31
27,47,74
85,44,129
82,16,98
70,63,133
36,77,113
46,13,59
96,81,177
30,54,84
6,92,98
12,95,107
65,11,76
4,37,41
86,87,173
19,71,90
50,21,71
49,42,91
32,32,64
95,48,143
28,28,56
30,96,126
25,44,69
33,38,71
10,60,70
59,14,73
51,33,84
80,29,109
36,79,115
60,0,60
6,76,82
50,91,141
52,22,74
42,19,61
9,9,18
23,65,88
29,71,100
88,31,119
88,51,139
99,21,120
42,33,75
62,3,65
72,58,130
63,32,95
52,27,79
62,29,91
4,96,100
19,5,24
84,3,87
21,82,103
81,90,171
52,38,90
56,8,64
43,28,71
72,51,123
56,72,128
57,38,95
71,20,91
8,31,39
17,31,48
33,5,38
31,43,74
16,65,81
13,0,13
21,56,77
83,95,178
9,73,82
96,91,187
45,52,97
18,34,52
76,47,123
88,73,161
3,13,16
47,67,114
17,87,104
26,45,71
20,39,59
11,82,93
56,91,147
36,83,119
71,94,165
54,74,128
96,82,178
36,24,60
79,53,132
59,71,130
71,28,99
10,78,88
25,35,60
45,37,82
72,34,106
73,70,143
9,25,34
24,82,106
0,48,48
29,43,72
89,38,127
70,18,88
0,85,85
99,68,167
50,48,98
11,0,11
90,7,97
19,50,69
39,83,122
19,80,99
35,49,84
89,79,168
94,73,167
7,36,43
6,51,57
5,86,91
67,82,149
42,31,73
12,31,43
49,80,129
62,67,129
87,7,94
16,13,29
33,70,103
39,14,53
36,75,111
58,39,97
66,78,144
28,35,63
64,73,137
85,92,177
16,92,108
54,8,62
51,88,139
4,8,12
84,76,160
23,25,48
93,50,143
57,99,156
79,79,158
32,89,121
69,25,94
50,51,101
7,64,71
52,1,53
91,34,125
53,93,146
86,54,140
42,90,132
84,33,117
79,21,100
66,35,101
26,8,34
36,63,99
78,76,154
5,40,45
85,31,116
73,94,167
15,61,76
31,52,83
4,47,51
43,89,132
36,87,123
80,49,129
40,94,134
80,57,137
90,93,183
33,66,99
42,55,97
94,53,147
94,5,99
7,23,30
7,85,92
31,36,67
13,81,94
33,55,88
82,56,138
54,51,105
11,21,32
33,52,85
24,27,51
49,72,121
48,50,98
9,30,39
87,41,128
89,11,100
3,10,13
33,41,74
11,19,30
79,91,170
83,17,100
93,89,182
46,79,125
98,75,173
85,2,87
81,93,174
2,11,13
31,5,36
48,21,69
1,24,25
29,42,71
6,72,78
4,41,45
11,1,12
98,21,119
50,75,125
26,96,122
74,42,116
30,58,88
83,77,160
80,89,169
33,57,90
47,22,69
42,61,103
83,48,131
74,13,87
59,64,123
52,42,94
27,51,78
11,68,79
62,35,97
89,19,108
86,10,96
3,24,27
24,36,60
44,50,94
91,7,98
36,15,51
63,73,136
97,32,129
20,35,55
39,8,47
40,80,120
81,19,100
58,78,136
70,57,127
53,47,100
74,57,131
32,48,80
4,4,8
25,63,88
33,74,107
33,19,52
16,29,45
25,55,80
43,76,119
70,87,157
52,65,117
19,89,108
69,99,168
80,29,109
96,74,170
34,46,80
44,28,72
87,81,168
75,85,160
31,65,96
79,49,128
79,72,151
25,95,120
63,27,90
88,3,91
52,95,147
49,31,80
59,63,122
47,32,79
68,47,115
18,86,104
87,35,122
84,26,110
29,19,48
6,37,43
68,62,130
13,32,45
19,17,36
52,32,84
54,8,62
17,86,103
60,56,116
25,38,63
81,52,133
24,86,110
34,58,92
68,61,129
45,81,126
88,20,108
40,59,99
4,74,78
48,4,52
7,92,99
60,33,93
60,5,65
69,60,129
61,44,105
13,30,43
45,21,66
11,3,14
97,19,116
95,49,144
74,55,129
55,48,103
57,10,67
48,7,55
84,69,153
12,81,93
47,93,140
7,89,96
86,25,111
75,44,119
81,23,104
50,90,140
89,46,135
51,21,72
99,54,153
28,46,74
88,9,97
50,16,66
91,37,128
61,57,118
62,7,69
50,87,137
7,60,67
22,72,94
97,52,149
48,56,104
0,10,10
7,83,90
45,53,98
47,50,97
75,31,106
75,83,158
83,13,96
68,43,111
53,40,93
45,23,68
90,78,168
64,90,154
27,18,45
42,62,104
2,78,80
67,2,69
34,5,39
23,15,38
77,99,176
78,51,129
46,29,75
8,20,28
9,36,45
85,50,135
79,33,112
69,40,109
79,44,123
40,25,65
40,13,53
60,31,91
32,3,35
76,96,172
55,98,153
7,95,102
84,43,127
43,45,88
9,50,59
34,18,52
77,58,135
26,92,118
9,81,90
15,94,109
67,96,163
9,3,12
46,64,110
71,78,149
52,67,119
44,35,79
57,61,118
20,31,51
20,94,114
57,69,126
97,31,128
70,64,134
62,17,79
39,32,71
27,48,75
65,79,144
54,0,54
68,25,93
14,87,101
74,53,127
47,38,85
95,35,130
74,91,165
76,57,133
31,71,102
55,43,98
27,54,81
75,99,174
76,27,103
2,49,51
29,17,46
24,96,120
13,94,107
63,12,75
62,35,97
47,48,95
76,78,154
96,32,128
20,24,44
68,12,80
24,70,94
34,64,98
85,46,131
50,0,50
73,79,152
45,42,87
63,31,94
12,2,14
41,13,54
64,41,105
34,7,41
63,35,98
82,4,86
88,39,127
86,50,136
84,57,141
71,14,85
94,47,141
50,74,124
64,25,89
62,8,70
27,22,49
15,29,44
24,57,81
74,13,87
23,13,36
53,15,68
3,1,4
70,94,164
44,71,115
79,98,177
85,64,149
43,28,71
31,92,123
45,18,63
81,83,164
82,70,152
5,6,11
62,67,129
36,33,69
8,71,79
95,78,173
5,95,100
80,12,92
87,98,185
92,66,158
16,70,86
85,36,121
9,26,35
55,72,127
41,22,63
56,85,141
51,57,108
4,91,95
64,45,109
98,50,148
96,30,126
9,22,31
3,29,32
3,57,60
7,83,90
34,40,74
37,27,64
47,99,146
59,68,127
30,24,54
70,6,76
2,56,58
44,59,103
22,14,36
63,24,87
43,44,87
89,72,161
58,82,140
84,90,174
95,6,101
45,36,81
97,66,163
29,88,117
47,62,109
54,29,83
76,21,97
28,2,30
43,10,53
39,79,118
72,99,171
51,82,133
10,99,109
67,71,138
94,79,173
19,85,104
41,60,101
23,96,119
53,89,142
66,8,74
69,33,102
9,24,33
29,3,32
61,23,84
53,85,138
98,50,148
48,18,66
63,92,155
29,87,116
51,56,107
10,11,21
55,41,96
32,32,64
65,17,82
74,78,152
83,40,123
27,31,58
82,27,109
47,17,64
0,35,35
32,15,47
18,60,78
55,98,153
72,17,89
84,39,123
59,65,124
18,55,73
14,88,102
43,43,86
89,47,136
56,34,90
72,76,148
19,81,100
1,0,1
62,38,100
77,85,162
44,32,76
37,16,53
33,34,67
82,18,100
88,52,140
99,59,158
32,93,125
75,43,118
66,36,102
9,29,38
11,82,93
61,13,74
2,24,26
82,3,85
63,27,90
21,34,55
30,7,37
68,47,115
16,28,44
31,88,119
88,21,109
55,47,102
15,90,105
65,22,87
49,92,141
49,20,69
36,75,111
7,66,73
3,14,17
87,31,118
30,59,89
24,4,28
72,95,167
27,20,47
63,92,155
53,97,150
48,58,106
44,74,118
77,87,164
18,16,34
35,38,73
67,66,133
19,71,90
18,41,59
25,76,101
6,18,24
36,82,118
2,64,66
17,33,50
48,55,103
21,6,27
60,97,157
22,11,33
20,97,117
1,27,28
87,44,131
81,95,176
6,46,52
23,26,49
94,1,95
77,63,140
8,51,59
83,46,129
46,52,98
92,41,133
15,45,60
63,91,154
85,57,142
28,2,30
46,98,144
47,15,62
86,76,162
86,96,182
91,34,125
28,56,84
56,51,107
20,86,106
40,80,120
65,68,133
30,31,61
12,0,12
39,48,87
69,77,146
40,32,72
20,6,26
27,65,92
60,83,143
40,0,40
11,29,40
61,84,145
38,30,68
34,62,96
94,48,142
81,93,174
93,47,140
11,9,20
0,11,11
41,17,58
66,83,149
9,94,103
73,34,107
16,32,48
65,97,162
14,59,73
11,72,83
74,92,166
39,46,85
43,82,125
51,13,64
18,55,73
26,9,35
75,2,77
29,32,61
84,15,99
21,73,94
65,2,67
71,16,87
19,93,112
22,53,75
98,38,136
37,27,64
87,87,174
44,18,62
23,38,61
69,5,74
84,17,101
48,44,92
81,54,135
24,12,36
51,45,96
11,81,92
84,15,99
90,71,161
76,67,143
69,85,154
27,55,82
71,91,162
91,43,134
70,26,96
47,25,72
3,94,97
47,89,136
78,66,144
38,32,70
48,27,75
6,25,31
18,11,29
17,99,116
63,58,121
71,40,111
22,13,35
28,3,31
76,64,140
31,68,99
75,95,170
15,25,40
35,58,93
66,95,161
29,53,82
71,61,132
15,2,17
20,8,28
77,48,125
61,94,155
75,54,129
25,74,99
30,3,33
33,96,129
75,73,148
78,14,92
52,18,70
50,58,108
37,27,64
3,29,32
56,54,110
51,34,85
72,70,142
70,96,166
6,80,86
41,53,94
55,32,87
73,64,137
98,26,124
13,89,102
81,16,97
8,43,51
69,79,148
14,57,71
84,2,86
84,16,100
44,38,82
96,12,108
92,79,171
61,71,132
39,48,87
5,28,33
24,86,110
75,80,155
55,90,145
58,80,138
68,30,98
50,52,102
76,74,150
54,42,96
21,86,107
74,27,101
52,91,143
63,20,83
34,11,45
25,34,59
17,21,38
16,60,76
5,13,18
98,82,180
20,1,21
66,15,81
67,82,149
64,20,84
2,75,77
84,8,92
69,90,159
9,72,81
62,54,116
78,91,169
3,42,45
54,79,133
47,18,65
93,27,120
87,55,142
68,73,141
49,79,128
74,68,142
96,90,186
78,93,171
69,77,146
26,8,34
14,14,28
51,82,133
29,39,68
53,24,77
3,36,39
53,92,145
65,33,98
8,44,52
55,44,99
86,0,86
78,31,109
90,84,174
79,12,91
51,47,98
93,82,175
11,22,33
82,89,171
47,78,125
52,76,128
85,64,149
50,46,96
91,10,101
8,48,56
39,62,101
79,33,112
80,82,162
43,1,44
42,99,141
5,99,104
48,76,124
35,88,123
11,69,80
3,80,83
20,55,75
31,84,115
18,99,117
98,20,118
17,52,69
95,61,156
60,27,87
87,44,131
61,36,97
65,79,144
40,75,115
60,76,136
44,13,57
10,53,63
19,3,22
41,11,52
53,85,138
79,65,144
24,56,80
55,87,142
47,37,84
21,8,29
48,9,57
87,12,99
38,38,76
55,77,132
98,73,171
36,66,102
96,0,96
2,58,60
3,69,72
74,20,94
27,50,77
27,63,90
53,28,81
63,1,64
11,64,75
51,3,54
48,41,89
37,57,94
36,35,71
37,20,57
42,18,60
64,96,160
89,72,161
15,58,73
14,56,70
66,6,72
77,86,163
60,82,142
59,18,77
78,39,117
86,29,115
60,2,62
49,16,65
67,88,155
93,51,144
74,56,130
68,77,145
55,54,109
67,47,114
59,54,113
90,68,158
26,67,93
13,39,52
6,26,32
95,9,104
62,78,140
90,14,104
12,11,23
1,21,22
45,41,86
22,7,29
17,82,99
82,54,136
25,90,115
75,69,144
68,62,130
22,29,51
32,30,62
13,49,62
64,34,98
22,4,26
61,93,154
82,68,150
96,96,192
14,90,104
52,90,142
99,46,145
88,18,106
67,15,82
46,13,59
44,75,119
90,71,161
45,93,138
61,69,130
91,71,162
44,60,104
26,46,72
12,73,85
91,77,168
50,9,59
94,36,130
58,55,113
60,94,154
55,58,113
25,1,26
13,94,107
84,61,145
24,3,27
88,1,89
9,86,95
25,27,52
21,62,83
37,3,40
33,45,78
91,23,114
9,10,19
9,70,79
76,45,121
48,30,78
59,58,117
96,75,171
70,17,87
46,46,92
43,63,106
49,88,137
88,97,185
41,77,118
5,11,16
57,35,92
47,23,70
82,9,91
9,14,23
95,86,181
96,65,161
82,51,133
48,27,75
50,92,142
96,81,177
13,64,77
31,60,91
79,56,135
0,76,76
14,73,87
88,40,128
54,93,147
98,83,181
92,89,181
50,26,76
14,79,93
76,40,116
20,31,51
33,54,87
11,23,34
11,98,109
35,66,101
70,4,74
59,27,86
81,10,91
13,95,108
64,17,81
18,72,90
44,50,94
65,47,112
36,94,130
64,45,109
72,61,133
61,46,107
76,66,142
77,63,140
24,92,116
59,21,80
68,18,86
82,43,125
45,94,139
99,71,170
29,10,39
10,12,22
50,90,140
21,92,113
15,81,96
79,70,149
26,90,116
6,98,104
70,51,121
46,95,141
11,27,38
59,80,139
62,69,131
46,54,100
72,44,116
14,82,96
21,62,83
23,20,43
63,81,144
10,78,88
15,38,53
58,50,108
2,14,16
85,43,128
10,79,89
85,53,138
79,89,168
74,12,86
59,15,74
34,85,119
11,83,94
54,22,76
78,69,147
57,38,95
86,87,173
35,72,107
71,31,102
13,49,62
8,69,77
69,62,131
88,40,128
20,32,52
52,46,98
37,52,89
50,63,113
13,93,106
59,6,65
73,12,85
59,90,149
9,96,105
38,62,100
4,69,73
61,92,153
92,67,159
2,34,36
78,27,105
80,52,132
39,91,130
77,40,117
43,90,133
10,71,81
42,75,117
21,19,40
33,7,40
0,13,13
74,50,124
63,97,160
55,71,126
8,25,33
74,8,82
83,97,180
78,4,82
35,23,58
16,13,29
92,21,113
21,37,58
94,53,147
86,27,113
66,72,138
77,57,134
86,2,88
37,28,65
11,51,62
45,19,64
94,60,154
27,65,92
19,2,21
43,25,68
20,11,31
2,97,99
58,35,93
48,65,113
71,65,136
34,59,93
70,48,118
38,34,72
47,54,101
84,87,171
25,27,52
35,73,108
72,89,161
22,0,22
67,57,124
58,67,125
68,29,97
35,15,50
29,13,42
14,74,88
70,1,71
39,66,105
18,29,47
93,24,117
40,64,104
30,21,51
96,14,110
23,72,95
30,2,32
33,89,122
48,32,80
90,84,174
89,93,182
19,27,46
43,91,134
12,70,82
19,46,65
42,58,100
15,79,94
65,40,105
67,49,116
54,43,97
7,81,88
70,33,103
12,54,66
57,74,131
39,71,110
85,7,92
19,51,70
36,21,57
71,88,159
46,24,70
60,8,68
41,16,57
79,97,176
71,47,118
68,65,133
60,92,152
40,79,119
74,0,74
78,94,172
94,26,120
8,45,53
81,80,161
36,40,76
69,99,168
98,40,138
93,92,185
41,52,93
97,0,97
94,31,125
43,28,71
71,83,154
54,13,67
12,57,69
3,91,94
32,33,65
83,14,97
27,8,35
72,40,112
36,63,99
28,33,61
59,7,66
21,51,72
22,65,87
87,30,117
31,78,109
98,0,98
21,67,88
43,70,113
57,51,108
28,27,55
15,72,87
1,47,48
94,88,182
20,77,97
7,24,31
92,82,174
38,75,113
7,30,37
92,38,130
76,49,125
87,80,167
2,28,30
56,37,93
39,20,59
45,23,68
92,49,141
88,50,138
14,65,79
7,25,32
5,97,102
88,46,134
46,30,76
53,54,107
89,97,186
54,3,57
48,0,48
43,30,73
93,37,130
60,57,117
18,91,109
3,86,89
28,70,98
29,74,103
95,13,108
40,58,98
29,67,96
18,48,66
54,49,103
94,22,116
23,89,112
45,30,75
12,26,38
19,66,85
22,47,69
97,9,106
25,89,114
44,65,109
57,20,77
92,48,140
52,15,67
73,76,149
17,75,92
78,80,158
65,78,143
62,51,113
1,33,34
37,0,37
34,57,91
79,8,87
44,16,60
43,65,108
56,18,74
97,94,191
95,52,147
55,54,109
80,96,176
55,3,58
4,24,28
26,41,67
99,61,160
92,61,153
73,88,161
0,90,90
5,94,99
17,24,41
55,7,62
13,6,19
91,40,131
58,88,146
69,40,109
18,51,69
3,91,94
77,60,137
68,76,144
77,4,81
50,87,137
92,88,180
67,89,156
38,34,72
81,93,174
20,17,37
90,85,175
30,30,60
25,76,101
86,98,184
74,25,99
64,22,86
93,86,179
66,54,120
6,94,100
74,69,143
14,71,85
91,39,130
91,72,163
75,26,101
27,79,106
56,63,119
3,71,74
8,1,9
17,17,34
28,97,125
86,12,98
44,12,56
90,76,166
86,52,138
41,55,96
41,83,124
62,83,145
72,48,120
23,93,116
73,83,156
27,31,58
48,1,49
60,86,146
88,22,110
0,78,78
59,41,100
91,71,162
42,71,113
53,26,79
51,97,148
22,86,108
16,8,24
4,36,40
43,86,129
55,26,81
66,8,74
29,65,94
10,71,81
52,54,106
94,64,158
31,6,37
19,0,19
62,66,128
20,54,74
29,59,88
57,4,61
21,60,81
15,30,45
45,17,62
27,2,29
83,99,182
64,96,160
24,15,39
20,27,47
60,33,93
13,40,53
52,82,134
1,94,95
53,55,108
53,51,104
82,4,86
80,55,135
24,78,102
48,89,137
92,19,111
6,39,45
79,45,124
95,84,179
44,50,94
77,82,159
49,50,99
60,48,108
46,49,95
48,70,118
77,58,135
87,1,88
47,9,56
39,63,102
25,95,120
85,2,87
26,56,82
98,25,123
60,44,104
82,56,138
83,61,144
51,92,143
7,31,38
47,84,131
56,57,113
56,78,134
46,24,70
68,94,162
24,27,51
16,75,91
3,46,49
81,50,131
37,74,111
95,45,140
72,96,168
96,97,193
27,86,113
50,5,55
70,75,145
31,96,127
61,83,144
17,28,45
63,67,130
2,59,61
36,37,73
26,93,119
47,4,51
0,78,78
46,50,96
2,96,98
72,14,86
31,28,59
34,76,110
59,32,91
52,14,66
72,27,99
48,0,48
66,29,95
38,43,81
91,13,104
60,59,119
14,3,17
84,74,158
54,98,152
6,76,82
21,29,50
64,92,156
53,91,144
79,27,106
43,85,128
64,72,136
63,48,111
30,81,111
1,74,75
84,31,115
21,77,98
45,78,123
36,99,135
10,23,33
15,74,89
71,29,100
57,64,121
83,20,103
38,6,44
7,35,42
3,8,11
73,43,116
50,84,134
73,55,128
91,96,187
47,19,66
33,54,87
73,4,77
67,28,95
7,26,33
94,27,121
87,27,114
33,22,55
9,43,52
36,44,80
87,14,101
12,49,61
25,19,44
51,64,115
92,30,122
5,90,95
79,39,118
76,49,125
11,43,54
44,94,138
86,66,152
79,36,115
82,55,137
75,21,96
36,7,43
98,44,142
17,96,113
41,11,52
50,66,116
6,99,105
40,85,125
96,91,187
17,44,61
46,55,101
49,58,107
18,7,25
25,6,31
48,49,97
74,59,133
67,51,118
2,42,44
51,58,109
4,48,52
32,12,44
22,74,96
73,85,158
86,87,173
54,74,128
43,17,60
32,82,114
4,7,11
46,56,102
99,97,196
86,26,112
20,42,62
36,39,75
97,91,188
68,44,112
15,70,85
90,14,104
99,80,179
84,13,97
57,83,140
37,18,55
14,90,104
68,22,90
23,61,84
67,84,151
21,59,80
25,19,44
71,35,106
8,30,38
67,95,162
51,53,104
87,67,154
0,28,28
26,13,39
18,17,35
79,64,143
86,71,157
90,23,113
26,78,104
18,75,93
80,59,139
81,90,171
83,63,146
18,1,19
11,37,48
16,5,21
7,43,50
68,94,162
52,87,139
36,81,117
77,1,78
19,52,71
65,43,108
31,32,63
73,99,172
51,69,120
48,20,68
72,64,136
89,4,93
64,32,96
71,61,132
16,81,97
9,67,76
20,54,74
50,37,87
44,75,119
2,15,17
8,30,38
82,44,126
38,82,120
20,63,83
17,81,98
37,83,120
26,18,44
60,6,66
72,88,160
8,21,29
69,8,77
67,49,116
79,77,156
3,16,19
16,33,49
99,6,105
82,68,150
17,67,84
20,31,51
45,10,55
71,58,129
32,9,41
24,95,119
65,79,144
71,31,102
88,17,105
20,1,21
27,95,122
55,48,103
79,82,161
44,90,134
3,79,82
73,54,127
52,68,120
71,59,130
73,63,136
18,47,65
39,96,135
61,48,109
60,38,98
35,91,126
62,75,137
62,8,70
48,64,112
86,43,129
40,69,109
32,29,61
76,3,79
67,1,68
13,70,83
33,96,129
43,57,100
30,8,38
37,24,61
89,47,136
45,77,122
89,35,124
41,68,109
10,15,25
69,10,79
20,57,77
20,49,69
14,92,106
0,7,7
73,39,112
55,82,137
29,50,79
70,7,77
24,39,63
55,86,141
34,69,103
98,42,140
21,54,75
66,50,116
23,86,109
87,71,158
27,10,37
47,88,135
63,64,127
96,15,111
47,92,139
20,16,36
84,11,95
86,51,137
13,84,97
82,48,130
1,27,28
5,90,95
59,70,129
27,47,74
3,77,80
9,63,72
16,22,38
18,93,111
81,4,85
27,78,105
93,67,160
23,89,112
64,68,132
78,86,164
43,79,122
66,95,161
53,3,56
19,92,111
93,82,175
47,98,145
68,15,83
71,90,161
51,46,97
59,38,97
89,73,162
37,66,103
28,89,117
77,16,93
25,61,86
42,63,105
24,44,68
15,57,72
33,22,55
29,33,62
22,38,60
89,38,127
1,91,92
61,47,108
14,39,53
98,67,165
9,83,92
16,47,63
91,52,143
5,24,29
63,61,124
81,43,124
70,38,108
14,57,71
89,67,156
47,20,67
82,80,162
73,60,133
72,61,133
9,74,83
22,39,61
17,71,88
85,75,160
74,12,86
80,79,159
98,90,188
28,16,44
61,80,141
51,92,143
53,15,68
39,35,74
79,3,82
22,50,72
43,97,140
63,95,158
4,96,100
82,44,126
55,43,98
72,84,156
28,54,82
96,0,96
56,7,63
66,50,116
99,46,145
99,39,138
60,36,96
91,42,133
3,9,12
92,64,156
28,3,31
19,76,95
45,31,76
72,63,135
50,0,50
14,25,39
97,36,133
3,95,98
77,16,93
11,82,93
59,5,64
30,8,38
47,8,55
17,66,83
85,43,128
12,70,82
3,81,84
15,50,65
81,51,132
68,17,85
70,23,93
55,55,110
5,49,54
40,42,82
87,67,154
63,9,72
22,90,112
30,83,113
8,11,19
37,32,69
98,22,120
28,80,108
58,9,67
74,45,119
70,24,94
70,89,159
50,7,57
13,93,106
10,74,84
49,6,55
0,85,85
89,63,152
12,96,108
84,77,161
42,39,81
8,73,81
19,39,58
62,82,144
61,43,104
80,45,125
35,39,74
23,46,69
96,90,186
0,98,98
80,53,133
15,67,82
7,47,54
19,7,26
87,74,161
7,42,49
97,20,117
6,98,104
23,30,53
49,0,49
89,38,127
21,39,60
70,58,128
49,60,109
6,40,46
8,80,88
28,48,76
76,99,175
2,74,76
16,51,67
98,33,131
45,85,130
74,82,156
55,3,58
23,75,98
94,71,165
32,8,40
56,53,109
12,10,22
78,29,107
38,69,107
98,87,185
5,89,94
68,77,145
62,24,86
41,68,109
58,72,130
88,82,170
72,67,139
99,84,183
33,12,45
90,45,135
23,7,30
39,25,64
51,31,82
98,76,174
96,25,121
79,66,145
39,98,137
65,47,112
34,65,99
47,1,48
64,33,97
58,74,132
48,53,101
12,47,59
72,32,104
26,80,106
25,52,77
72,47,119
23,95,118
27,4,31
25,18,43
79,0,79
3,6,9
99,49,148
88,25,113
88,94,182
29,87,116
24,87,111
9,21,30
90,11,101
81,66,147
48,8,56
59,75,134
62,83,145
42,82,124
98,32,130
39,72,111
49,66,115
35,68,103
90,12,102
41,48,89
67,6,73
8,1,9
11,51,62
74,58,132
33,40,73
44,83,127
75,3,78
35,32,67
32,35,67
68,70,138
77,70,147
38,95,133
88,20,108
63,27,90
19,41,60
0,39,39
40,14,54
61,70,131
97,61,158
93,1,94
15,41,56
11,64,75
76,25,101
95,27,122
69,34,103
29,81,110
31,11,42
90,70,160
71,47,118
58,84,142
74,28,102
5,17,22
33,98,131
88,53,141
92,92,184
31,95,126
7,24,31
84,36,120
27,16,43
48,31,79
28,60,88
53,63,116
91,12,103
4,33,37
90,9,99
93,21,114
86,88,174
81,14,95
35,1,36
21,16,37
16,15,31
97,64,161
38,83,121
83,98,181
62,75,137
8,27,35
25,83,108
71,85,156
21,6,27
29,95,124
96,64,160
44,83,127
86,46,132
3,13,16
49,43,92
85,36,121
29,31,60
25,1,26
17,94,111
19,10,29
88,59,147
7,33,40
17,79,96
58,19,77
20,51,71
89,36,125
31,2,33
3,26,29
78,74,152
89,61,150
89,29,118
87,32,119
25,29,54
46,44,90
82,40,122
54,87,141
51,76,127
3,45,48
83,8,91
83,68,151
60,40,100
78,62,140
60,49,109
66,79,145
19,60,79
83,76,159
52,70,122
48,56,104
44,99,143
24,90,114
57,50,107
77,20,97
40,65,105
56,88,144
55,87,142
78,87,165
45,0,45
48,88,136
47,99,146
23,17,40
38,19,57
7,88,95
56,34,90
26,67,93
53,33,86
67,64,131
26,20,46
42,77,119
75,26,101
65,18,83
98,8,106
48,25,73
52,4,56
88,56,144
38,91,129
17,72,89
71,32,103
5,81,86
9,36,45
72,34,106
56,23,79
14,47,61
51,96,147
22,73,95
93,73,166
27,73,100
1,16,17
77,48,125
94,4,98
72,72,144
12,16,28
8,17,25
67,89,156
11,5,16
9,28,37
31,44,75
29,63,92
43,22,65
36,86,122
42,83,125
29,86,115
49,70,119
53,44,97
57,1,58
7,60,67
82,20,102
63,0,63
99,76,175
38,76,114
10,47,57
64,54,118
36,15,51
47,25,72
0,87,87
0,96,96
12,87,99
57,13,70
43,80,123
10,33,43
97,32,129
17,7,24
61,40,101
22,33,55
85,67,152
77,30,107
63,4,67
35,71,106
2,28,30
65,55,120
81,76,157
94,8,102
33,23,56
10,79,89
69,21,90
29,67,96
57,6,63
73,31,104
24,67,91
28,24,52
7,91,98
96,0,96
10,47,57
41,65,106
64,37,101
1,57,58
47,83,130
45,12,57
23,22,45
84,86,170
68,14,82
19,59,78
34,12,46
83,92,175
84,38,122
19,3,22
92,3,95
68,53,121
33,15,48
41,62,103
42,76,118
36,34,70
46,69,115
82,65,147
49,12,61
39,12,51
62,65,127
33,59,92
75,74,149
87,49,136
84,54,138
59,43,102
41,23,64
33,23,56
97,14,111
24,79,103
81,98,179
82,12,94
60,63,123
25,67,92
40,76,116
60,8,68
20,93,113
70,55,125
33,0,33
14,90,104
21,50,71
20,6,26
42,83,125
94,14,108
55,18,73
11,66,77
25,26,51
18,45,63
80,56,136
8,72,80
57,93,150
50,36,86
6,76,82
23,65,88
45,41,86
29,42,71
45,10,55
14,92,106
49,73,122
32,2,34
61,60,121
16,49,65
25,87,112
90,63,153
83,85,168
75,34,109
81,91,172
77,94,171
73,78,151
53,16,69
67,97,164
21,81,102
42,73,115
5,63,68
98,49,147
41,61,102
12,97,109
17,22,39
86,92,178
26,23,49
58,71,129
80,86,166
89,71,160
26,80,106
70,78,148
38,91,129
35,84,119
11,59,70
55,23,78
18,97,115
58,12,70
64,48,112
15,33,48
17,34,51
82,20,102
77,75,152
88,19,107
78,66,144
48,79,127
47,4,51
24,34,58
15,46,61
5,36,41
42,16,58
52,81,133
26,29,55
94,11,105
97,69,166
16,31,47
21,25,46
23,81,104
81,29,110
91,21,112
35,69,104
0,23,23
69,37,106
6,30,36
74,94,168
35,45,80
4,51,55
54,98,152
77,3,80
83,81,164
13,0,13
59,86,145
0,7,7
4,21,25
20,15,35
86,67,153
98,8,106
37,22,59
63,69,132
89,58,147
5,49,54
53,42,95
0,15,15
48,49,97
5,60,65
1,15,16
63,44,107
89,7,96
58,27,85
63,85,148
72,0,72
89,66,155
73,53,126
31,43,74
35,47,82
96,29,125
77,71,148
15,39,54
36,29,65
43,3,46
28,51,79
58,25,83
26,81,107
89,16,105
99,17,116
66,84,150
83,26,109
54,92,146
47,59,106
8,26,34
74,43,117
96,42,138
7,49,56
69,79,148
27,38,65
6,54,60
67,62,129
27,28,55
47,83,130
15,34,49
61,12,73
29,19,48
63,88,151
63,35,98
57,31,88
63,87,150
36,52,88
7,51,58
2,48,50
63,74,137
96,59,155
5,22,27
31,37,68
69,87,156
69,6,75
97,58,155
6,29,35
46,28,74
24,91,115
29,18,47
21,25,46
82,38,120
64,41,105
15,45,60
61,70,131
1,33,34
11,64,75
29,11,40
76,48,124
70,29,99
38,82,120
72,92,164
15,32,47
63,55,118
19,67,86
96,97,193
77,85,162
8,54,62
97,68,165
98,58,156
88,90,178
77,68,145
29,73,102
95,70,165
80,63,143
11,28,39
98,48,146
86,72,158
30,39,69
72,59,131
30,87,117
38,31,69
83,70,153
18,13,31
84,70,154
65,58,123
85,30,115
99,24,123
96,72,168
89,69,158
48,64,112
90,70,160
97,48,145
68,74,142
87,29,116
89,34,123
93,43,136
49,75,124
30,63,93
49,96,145
25,33,58
81,89,170
59,56,115
46,79,125
32,80,112
35,52,87
63,69,132
27,55,82
13,90,103
74,43,117
30,77,107
8,66,74
49,8,57
90,33,123
81,85,166
48,43,91
18,26,44
79,2,81
9,42,51
25,23,48
8,77,85
25,19,44
80,53,133
26,54,80
2,50,52
4,84,88
71,0,71
53,75,128
85,48,133
98,13,111
99,19,118
0,69,69
70,42,112
6,52,58
84,25,109
82,57,139
84,48,132
21,67,88
47,63,110
50,94,144
81,66,147
84,42,126
78,38,116
44,34,78
26,15,41
46,15,61
92,45,137
22,76,98
18,80,98
99,3,102
26,87,113
39,14,53
36,31,67
10,43,53
77,51,128
44,6,50
93,5,98
67,47,114
59,41,100
60,0,60
44,93,137
65,94,159
1,29,30
49,87,136
84,45,129
47,27,74
35,96,131
56,42,98
90,54,144
48,15,63
7,11,18
66,70,136
78,90,168
67,76,143
59,34,93
85,22,107
16,98,114
65,75,140
14,8,22
91,58,149
59,10,69
0,95,95
21,92,113
33,49,82
1,4,5
85,60,145
61,19,80
39,92,131
44,33,77
25,85,110
33,19,52
58,30,88
45,45,90
72,9,81
92,33,125
25,62,87
88,16,104
12,96,108
87,52,139
87,6,93
55,15,70
33,64,97
20,70,90
58,79,137
44,15,59
84,57,141
51,19,70
73,79,152
41,73,114
0,14,14
84,49,133
89,62,151
41,95,136
21,45,66
65,58,123
62,87,149
22,87,109
91,77,168
6,61,67
67,34,101
79,25,104
15,69,84
58,92,150
28,79,107
75,78,153
47,39,86
55,30,85
65,78,143
43,52,95
83,71,154
72,51,123
15,73,88
5,69,74
69,6,75
52,64,116
27,72,99
55,10,65
94,71,165
92,38,130
96,3,99
50,82,132
0,49,49
97,85,182
93,84,177
58,62,120
12,22,34
11,45,56
36,76,112
5,50,55
87,26,113
24,36,60
3,33,36
11,91,102
17,77,94
49,4,53
84,7,91
53,84,137
5,22,27
95,86,181
95,55,150
59,90,149
49,93,142
58,49,107
34,59,93
31,9,40
73,96,169
35,27,62
11,36,47
1,94,95
51,96,147
25,33,58
5,14,19
39,41,80
62,7,69
19,6,25
95,38,133
58,15,73
87,90,177
13,18,31
96,37,133
4,41,45
35,42,77
56,12,68
66,56,122
5,20,25
93,64,157
86,29,115
72,17,89
30,70,100
66,45,111
13,55,68
90,61,151
23,71,94
71,44,115
74,42,116
55,49,104
72,24,96
30,74,104
97,73,170
18,86,104
74,44,118
15,61,76
17,94,111
2,73,75
35,68,103
62,60,122
69,60,129
6,60,66
78,0,78
95,45,140
65,13,78
32,76,108
32,50,82
57,3,60
34,56,90
41,57,98
40,67,107
32,27,59
5,14,19
34,34,68
30,84,114
39,53,92
90,93,183
33,5,38
27,99,126
44,12,56
71,75,146
55,11,66
50,85,135
72,35,107
80,4,84
84,83,167
84,16,100
98,1,99
11,46,57
7,81,88
88,87,175
80,12,92
43,51,94
23,69,92
60,52,112
91,5,96
72,15,87
27,95,122
17,4,21
5,68,73
90,29,119
94,46,140
42,29,71
7,41,48
19,78,97
24,48,72
42,64,106
73,3,76
95,23,118
38,80,118
81,49,130
25,75,100
83,41,124
54,12,66
8,30,38
20,65,85
82,5,87
35,1,36
28,38,66
95,32,127
11,97,108
76,38,114
66,34,100
73,11,84
89,75,164
73,33,106
60,75,135
74,17,91
70,31,101
71,77,148
62,53,115
51,62,113
68,83,151
82,71,153
80,79,159
79,2,81
74,28,102
3,17,20
75,53,128
36,64,100
4,8,12
29,83,112
6,71,77
74,6,80
97,65,162
91,16,107
41,32,73
20,32,52
67,0,67
76,64,140
43,76,119
57,53,110
1,58,59
17,28,45
32,97,129
93,2,95
5,53,58
26,11,37
87,60,147
17,92,109
65,28,93
84,47,131
38,50,88
47,5,52
39,33,72
26,29,55
14,95,109
91,4,95
87,27,114
93,60,153
34,10,44
56,14,70
85,74,159
71,16,87
49,73,122
80,49,129
74,33,107
35,9,44
10,3,13
43,89,132
55,95,150
96,30,126
62,2,64
83,61,144
91,6,97
68,50,118
9,17,26
60,15,75
4,14,18
33,8,41
64,64,128
46,2,48
86,39,125
35,50,85
6,98,104
38,0,38
7,64,71
10,50,60
32,78,110
47,79,126
35,89,124
8,42,50
90,95,185
23,49,72
33,30,63
98,53,151
59,54,113
18,83,101
34,26,60
24,73,97
3,59,62
1,84,85
68,92,160
96,44,140
89,99,188
88,76,164
56,37,93
41,87,128
9,42,51
87,47,134
72,53,125
94,38,132
37,19,56
49,35,84
80,0,80
54,3,57
49,1,50
11,79,90
52,2,54
74,75,149
52,16,68
21,94,115
19,58,77
79,19,98
31,10,41
77,17,94
60,96,156
49,99,148
52,44,96
92,79,171
53,51,104
52,65,117
39,26,65
36,89,125
1,47,48
89,63,152
96,13,109
46,58,104
52,22,74
9,55,64
21,3,24
40,93,133
7,1,8
33,89,122
19,9,28
34,14,48
69,57,126
26,43,69
28,62,90
94,78,172
25,38,63
98,54,152
0,18,18
31,42,73
65,28,93
97,99,196
49,46,95
38,25,63
85,61,146
87,45,132
26,73,99
62,60,122
90,81,171
22,60,82
19,31,50
97,9,106
39,39,78
14,53,67
5,20,25
93,1,94
5,20,25
1,8,9
33,0,33
99,62,161
26,55,81
25,42,67
77,77,154
23,74,97
77,3,80
78,78,156
71,60,131
2,13,15
61,63,124
24,55,79
51,85,136
66,42,108
92,51,143
91,1,92
68,7,75
11,98,109
13,57,70
75,49,124
18,53,71
32,27,59
89,6,95
78,12,90
0,49,49
84,89,173
23,26,49
53,30,83
22,65,87
26,84,110
25,11,36
67,33,100
97,51,148
80,54,134
7,78,85
15,95,110
54,95,149
58,40,98
96,34,130
55,7,62
2,72,74
57,7,64
21,95,116
43,64,107
9,91,100
73,83,156
26,7,33
73,86,159
10,92,102
88,33,121
80,71,151
23,14,37
62,0,62
5,11,16
0,69,69
73,12,85
31,85,116
90,75,165
5,85,90
3,31,34
9,20,29
33,14,47
97,21,118
50,72,122
6,86,92
14,99,113
94,75,169
22,42,64
57,81,138
71,68,139
53,81,134
33,47,80
65,4,69
1,24,25
12,96,108
26,73,99
44,48,92
34,75,109
54,16,70
10,79,89
61,59,120
69,31,100
68,86,154
31,12,43
2,13,15
45,2,47
65,61,126
37,34,71
86,27,113
44,39,83
46,25,71
75,37,112
83,0,83
4,7,11
14,4,18
96,33,129
0,84,84
64,22,86
66,51,117
30,22,52
52,14,66
61,47,108
4,99,103
32,65,97
50,73,123
90,7,97
93,92,185
73,81,154
37,88,125
72,31,103
43,63,106
87,49,136
97,63,160
97,38,135
36,9,45
37,14,51
8,43,51
40,49,89
35,31,66
0,32,32
80,25,105
14,29,43
17,14,31
47,12,59
33,91,124
7,2,9
5,89,94
11,21,32
47,87,134
35,85,120
89,54,143
36,74,110
5,98,103
10,63,73
46,85,131
13,41,54
61,69,130
86,85,171
58,37,95
78,95,173
3,0,3
29,63,92
65,83,148
66,20,86
24,8,32
15,84,99
16,28,44
54,15,69
94,41,135
8,61,69
73,24,97
45,81,126
25,75,100
92,43,135
42,35,77
14,19,33
15,55,70
83,88,171
82,84,166
62,1,63
81,43,124
61,55,116
80,12,92
48,56,104
29,25,54
29,3,32
3,77,80
13,87,100
50,73,123
17,50,67
9,43,52
32,48,80
28,39,67
82,12,94
79,5,84
39,76,115
86,57,143
53,78,131
59,47,106
92,94,186
17,86,103
60,50,110
96,81,177
42,35,77
88,87,175
20,22,42
11,8,19
54,81,135
53,47,100
7,22,29
17,20,37
59,15,74
31,96,127
26,78,104
34,46,80
27,35,62
48,50,98
65,3,68
62,5,67
18,85,103
78,19,97
2,99,101
94,83,177
76,23,99
16,84,100
50,47,97
45,55,100
69,67,136
14,87,101
20,94,114
9,90,99
52,88,140
3,65,68
74,38,112
37,51,88
31,26,57
72,4,76
39,37,76
36,37,73
55,72,127
16,87,103
43,40,83
93,11,104
36,61,97
78,64,142
11,33,44
58,42,100
52,33,85
82,52,134
19,31,50
3,1,4
11,62,73
0,53,53
35,67,102
53,31,84
82,72,154
38,81,119
46,28,74
43,16,59
44,21,65
93,47,140
16,54,70
30,11,41
24,32,56
54,72,126
69,50,119
15,43,58
0,90,90
81,84,165
90,78,168
98,27,125
81,29,110
6,22,28
78,6,84
88,59,147
4,65,69
6,39,45
97,8,105
30,29,59
0,71,71
75,99,174
46,83,129
81,9,90
15,0,15
7,39,46
50,99,149
54,62,116
86,87,173
84,46,130
53,67,120
76,95,171
44,38,82
74,51,125
89,86,175
90,86,176
2,83,85
49,91,140
41,69,110
59,86,145
92,3,95
12,54,66
17,55,72
7,55,62
16,97,113
83,45,128
22,8,30
53,55,108
48,39,87
53,85,138
3,19,22
7,79,86
63,70,133
13,12,25
79,1,80
92,40,132
60,62,122
13,49,62
35,24,59
6,53,59
27,36,63
11,75,86
7,78,85
31,57,88
67,60,127
81,59,140
20,91,111
53,59,112
87,63,150
10,12,22
63,7,70
77,94,171
0,64,64
16,90,106
99,58,157
49,54,103
59,26,85
0,26,26
45,36,81
74,35,109
48,64,112
74,78,152
64,75,139
20,50,70
54,67,121
90,50,140
23,59,82
72,49,121
11,81,92
51,61,112
22,73,95
8,96,104
22,47,69
62,87,149
67,23,90
15,9,24
51,43,94
36,53,89
57,12,69
21,54,75
72,32,104
47,86,133
10,95,105
64,84,148
67,89,156
11,70,81
98,66,164
34,31,65
30,59,89
82,42,124
70,73,143
98,7,105
32,93,125
73,26,99
55,95,150
73,80,153
18,27,45
50,70,120
59,15,74
86,95,181
87,88,175
15,99,114
42,11,53
65,83,148
76,74,150
81,32,113
34,14,48
17,27,44
5,31,36
48,45,93
43,17,60
76,44,120
14,32,46
88,97,185
76,59,135
62,10,72
46,31,77
76,13,89
95,3,98
77,71,148
3,76,79
89,40,129
74,46,120
54,17,71
10,30,40
44,3,47
92,51,143
31,59,90
36,95,131
52,22,74
14,65,79
22,24,46
51,27,78
70,27,97
34,11,45
98,26,124
80,66,146
42,18,60
70,9,79
17,69,86
16,20,36
94,31,125
43,72,115
83,16,99
3,21,24
88,70,158
34,92,126
8,35,43
69,17,86
46,3,49
3,48,51
60,77,137
64,36,100
25,17,42
53,16,69
35,91,126
76,80,156
93,83,176
30,36,66
24,48,72
29,5,34
44,66,110
6,83,89
51,8,59
63,98,161
92,71,163
64,37,101
98,85,183
55,41,96
8,28,36
75,40,115
8,11,19
14,55,69
31,49,80
99,51,150
43,87,130
75,33,108
84,60,144
96,95,191
70,20,90
84,39,123
93,7,100
88,0,88
23,18,41
96,85,181
29,80,109
61,68,129
88,2,90
30,68,98
78,77,155
70,72,142
90,4,94
12,1,13
16,57,73
46,36,82
44,88,132
10,60,70
83,77,160
97,47,144
45,81,126
77,13,90
81,81,162
79,68,147
59,2,61
31,83,114
97,56,153
23,98,121
35,52,87
35,85,120
75,73,148
86,88,174
26,28,54
16,28,44
49,35,84
29,15,44
92,77,169
88,13,101
61,39,100
61,75,136
21,12,33
89,46,135
12,18,30
33,60,93
7,40,47
35,75,110
45,21,66
5,73,78
84,83,167
55,6,61
87,50,137
95,29,124
33,0,33
26,28,54
99,72,171
12,62,74
51,38,89
19,40,59
38,1,39
48,8,56
86,45,131
52,46,98
31,15,46
45,44,89
6,55,61
20,88,108
6,51,57
37,75,112
45,39,84
19,51,70
1,27,28
96,36,132
69,53,122
26,67,93
43,30,73
90,45,135
86,87,173
57,47,104
32,36,68
52,78,130
65,26,91
58,63,121
47,98,145
99,2,101
73,1,74
18,70,88
15,77,92
71,65,136
5,26,31
52,10,62
54,7,61
58,29,87
49,68,117
9,26,35
35,85,120
96,33,129
20,35,55
5,95,100
18,78,96
21,18,39
83,56,139
18,66,84
79,70,149
28,99,127
28,43,71
72,65,137
30,24,54
21,38,59
25,45,70
51,62,113
74,32,106
5,67,72
78,2,80
97,88,185
88,75,163
9,26,35
58,10,68
34,10,44
18,24,42
11,30,41
28,18,46
53,88,141
11,59,70
44,94,138
86,88,174
2,6,8
14,83,97
53,31,84
17,42,59
0,24,24
46,61,107
67,13,80
79,80,159
99,27,126
40,80,120
73,93,166
45,17,62
1,25,26
97,70,167
41,75,116
80,24,104
94,30,124
88,21,109
56,6,62
98,37,135
92,68,160
50,78,128
41,92,133
34,37,71
57,87,144
79,28,107
3,75,78
62,79,141
52,0,52
43,59,102
75,37,112
11,40,51
57,12,69
86,12,98
55,15,70
19,52,71
66,92,158
54,12,66
72,28,100
43,84,127
25,46,71
16,52,68
15,75,90
68,16,84
96,4,100
83,26,109
22,74,96
1,38,39
97,47,144
30,60,90
81,1,82
0,48,48
83,12,95
33,15,48
40,72,112
84,24,108
56,60,116
6,91,97
96,2,98
32,57,89
33,35,68
3,98,101
99,19,118
18,51,69
75,85,160
88,43,131
22,9,31
15,62,77
70,20,90
94,75,169
74,33,107
30,85,115
77,82,159
59,15,74
27,97,124
55,0,55
29,93,122
41,67,108
55,42,97
0,37,37
68,73,141
30,36,66
81,97,178
99,78,177
64,17,81
33,39,72
22,88,110
7,21,28
13,90,103
80,90,170
18,81,99
4,71,75
23,8,31
16,40,56
56,76,132
95,10,105
62,65,127
9,34,43
84,84,168
90,39,129
70,60,130
56,90,146
36,12,48
98,36,134
16,81,97
27,59,86
58,8,66
64,75,139
38,4,42
17,99,116
40,32,72
22,39,61
86,70,156
65,79,144
40,72,112
7,28,35
23,88,111
30,53,83
79,74,153
88,32,120
22,64,86
17,51,68
30,10,40
70,62,132
31,93,124
87,75,162
52,80,132
20,0,20
99,74,173
11,28,39
49,74,123
68,53,121
21,73,94
20,17,37
70,62,132
16,46,62
25,35,60
95,61,156
10,57,67
31,23,54
43,27,70
75,85,160
25,77,102
44,98,142
10,58,68
51,70,121
19,32,51
54,19,73
26,73,99
32,22,54
94,18,112
39,86,125
55,41,96
76,31,107
35,17,52
46,69,115
76,21,97
25,29,54
59,80,139
3,67,70
67,57,124
95,11,106
34,96,130
46,71,117
76,96,172
60,43,103
62,9,71
76,88,164
3,1,4
19,96,115
84,83,167
90,79,169
84,98,182
28,83,111
72,44,116
90,34,124
45,38,83
51,87,138
45,37,82
94,88,182
44,75,119
1,67,68
48,52,100
15,36,51
93,64,157
69,78,147
94,88,182
15,46,61
49,26,75
12,97,109
30,31,61
69,23,92
75,81,156
81,75,156
33,96,129
18,64,82
44,50,94
30,20,50
65,74,139
21,93,114
49,70,119
75,76,151
43,58,101
58,49,107
14,48,62
78,45,123
37,62,99
7,35,42
60,12,72
29,29,58
84,11,95
67,15,82
80,19,99
2,69,71
10,9,19
34,6,40
86,8,94
95,28,123
46,20,66
33,38,71
72,28,100
21,17,38
84,84,168
46,97,143
93,20,113
69,86,155
52,28,80
8,27,35
99,33,132
67,42,109
84,99,183
11,27,38
54,53,107
68,36,104
80,38,118
76,22,98
9,61,70
91,83,174
32,57,89
39,72,111
52,98,150
19,57,76
83,97,180
48,15,63
56,94,150
73,52,125
79,11,90
68,53,121
43,36,79
18,8,26
56,82,138
85,78,163
59,79,138
77,78,155
27,26,53
9,34,43
56,41,97
38,93,131
51,62,113
69,28,97
55,32,87
33,81,114
48,16,64
52,33,85
44,16,60
94,76,170
49,40,89
8,36,44
98,17,115
12,19,31
3,89,92
9,31,40
61,39,100
95,75,170
70,99,169
90,35,125
97,74,171
41,61,102
87,21,108
93,85,178
78,25,103
39,77,116
51,90,141
27,34,61
70,56,126
8,49,57
25,39,64
41,48,89
14,62,76
87,84,171
3,78,81
13,69,82
47,97,144
59,37,96
98,25,123
88,56,144
41,11,52
81,96,177
46,76,122
16,94,110
29,58,87
8,40,48
96,17,113
45,8,53
97,31,128
92,54,146
21,74,95
48,91,139
94,74,168
22,84,106
94,55,149
94,43,137
67,40,107
17,95,112
37,11,48
49,35,84
43,59,102
51,73,124
65,6,71
50,44,94
74,68,142
70,73,143
44,98,142
51,89,140
62,85,147
85,1,86
59,82,141
18,12,30
67,92,159
41,20,61
9,0,9
81,30,111
94,42,136
18,59,77
91,72,163
52,81,133
30,35,65
34,46,80
57,23,80
53,98,151
7,4,11
18,67,85
30,59,89
23,74,97
65,87,152
37,6,43
80,19,99
59,41,100
33,32,65
67,20,87
26,19,45
14,31,45
48,15,63
36,91,127
16,72,88
43,78,121
4,8,12
99,72,171
45,62,107
49,8,57
55,48,103
27,1,28
11,13,24
86,42,128
45,76,121
59,38,97
21,66,87
16,94,110
10,46,56
52,17,69
50,14,64
87,39,126
66,73,139
55,21,76
60,60,120
65,26,91
20,53,73
80,75,155
53,82,135
0,48,48
6,81,87
41,70,111
93,31,124
62,77,139
56,49,105
44,73,117
45,50,95
61,67,128
5,31,36
41,14,55
47,64,111
85,90,175
81,91,172
24,79,103
91,96,187
69,69,138
54,53,107
60,44,104
19,22,41
27,34,61
99,79,178
78,86,164
77,82,159
59,40,99
91,95,186
57,78,135
19,28,47
91,44,135
96,38,134
42,94,136
82,14,96
92,88,180
46,14,60
95,78,173
81,60,141
27,84,111
66,18,84
26,28,54
8,19,27
53,68,121
7,17,24
67,12,79
84,68,152
71,93,164
26,64,90
59,12,71
96,14,110
46,90,136
32,85,117
42,62,104
77,77,154
54,2,56
74,83,157
15,35,50
8,67,75
42,24,66
44,68,112
37,31,68
85,4,89
71,26,97
15,3,18
43,20,63
10,36,46
99,91,190
54,96,150
25,11,36
19,50,69
4,30,34
95,49,144
95,76,171
2,95,97
3,15,18
52,25,77
42,49,91
33,83,116
55,25,80
36,11,47
78,62,140
92,57,149
39,54,93
15,87,102
80,86,166
24,68,92
82,8,90
24,68,92
34,56,90
34,71,105
57,94,151
21,49,70
9,92,101
90,47,137
30,96,126
26,48,74
21,31,52
16,40,56
44,44,88
47,51,98
30,30,60
23,37,60
41,66,107
31,36,67
99,20,119
84,32,116
0,31,31
5,13,18
5,39,44
46,64,110
9,9,18
34,91,125
76,95,171
29,97,126
91,51,142
16,5,21
16,75,91
29,77,106
99,88,187
86,80,166
82,75,157
1,42,43
88,53,141
4,58,62
22,34,56
51,11,62
48,65,113
47,72,119
64,48,112
73,22,95
98,55,153
39,37,76
87,87,174
48,94,142
38,60,98
16,47,63
69,37,106
35,99,134
99,71,170
15,14,29
98,38,136
84,76,160
60,62,122
48,0,48
40,9,49
50,63,113
13,99,112
99,7,106
57,26,83
84,35,119
90,15,105
4,97,101
76,58,134
50,18,68
67,67,134
50,5,55
34,52,86
41,7,48
54,58,112
59,40,99
97,85,182
71,17,88
47,25,72
46,0,46
74,97,171
27,95,122
78,28,106
51,48,99
67,21,88
83,3,86
17,23,40
15,98,113
84,49,133
43,20,63
63,55,118
60,28,88
59,12,71
21,25,46
51,34,85
68,45,113
2,5,7
36,1,37
57,4,61
91,80,171
52,62,114
42,49,91
96,91,187
25,82,107
32,27,59
71,28,99
64,79,143
76,55,131
30,75,105
20,25,45
89,80,169
6,1,7
84,84,168
92,74,166
7,81,88
8,48,56
87,79,166
73,22,95
88,52,140
42,37,79
78,11,89
58,30,88
30,16,46
31,10,41
80,51,131
61,23,84
40,35,75
41,84,125
42,66,108
24,5,29
65,52,117
68,10,78
13,6,19
67,82,149
74,8,82
37,66,103
30,5,35
18,71,89
71,42,113
72,94,166
95,55,150
90,0,90
19,26,45
58,96,154
51,98,149
78,22,100
59,55,114
1,76,77
27,45,72
56,40,96
47,70,117
0,15,15
52,50,102
31,66,97
71,72,143
37,56,93
57,6,63
5,3,8
78,73,151
14,67,81
27,1,28
89,91,180
56,81,137
52,70,122
26,26,52
28,4,32
33,48,81
5,83,88
89,74,163
32,81,113
4,73,77
59,67,126
49,73,122
35,5,40
88,44,132
85,13,98
68,41,109
6,64,70
49,4,53
71,57,128
13,36,49
45,72,117
10,5,15
90,74,164
85,61,146
2,70,72
1,63,64
19,35,54
58,10,68
90,57,147
50,22,72
7,15,22
25,37,62
14,10,24
31,67,98
82,79,161
54,51,105
45,73,118
1,85,86
41,16,57
16,9,25
53,7,60
3,34,37
95,34,129
94,80,174
27,80,107
58,59,117
36,18,54
73,78,151
42,8,50
52,20,72
23,80,103
64,83,147
35,73,108
1,6,7
70,44,114
90,21,111
45,49,94
89,43,132
15,76,91
75,42,117
15,85,100
94,73,167
78,37,115
3,80,83
93,86,179
30,33,63
17,10,27
99,53,152
4,53,57
34,71,105
28,11,39
2,96,98
43,30,73
38,39,77
50,43,93
25,44,69
60,98,158
47,78,125
17,54,71
49,86,135
42,33,75
76,13,89
29,38,67
94,51,145
6,80,86
14,78,92
69,30,99
79,25,104
97,78,175
57,53,110
10,34,44
78,4,82
3,36,39
92,31,123
21,29,50
16,27,43
74,32,106
16,83,99
94,99,193
67,75,142
90,16,106
64,23,87
30,55,85
51,77,128
45,83,128
85,34,119
73,56,129
33,93,126
93,35,128
42,22,64
44,48,92
70,84,154
41,78,119
42,56,98
52,67,119
24,97,121
42,51,93
32,44,76
70,39,109
45,96,141
67,90,157
93,66,159
20,22,42
83,20,103
80,94,174
41,98,139
70,85,155
26,66,92
59,19,78
70,24,94
31,85,116
95,84,179
20,99,119
77,7,84
2,63,65
77,79,156
37,20,57
1,17,18
36,86,122
89,79,168
13,47,60
9,74,83
70,36,106
12,47,59
79,73,152
22,38,60
29,58,87
69,13,82
4,29,33
53,45,98
65,26,91
76,17,93
92,55,147
71,75,146
65,35,100
63,96,159
85,71,156
80,26,106
76,34,110
2,42,44
4,12,16
2,76,78
65,18,83
93,90,183
83,76,159
55,16,71
38,76,114
19,3,22
75,45,120
78,41,119
55,26,81
47,86,133
61,56,117
49,59,108
59,52,111
89,13,102
82,18,100
11,47,58
74,36,110
31,65,96
79,94,173
93,13,106
37,6,43
12,95,107
85,66,151
97,69,166
88,16,104
30,52,82
4,96,100
49,50,99
59,86,145
45,38,83
34,50,84
24,23,47
0,55,55
89,52,141
66,82,148
72,71,143
50,78,128
19,16,35
53,21,74
87,42,129
49,47,96
8,99,107
90,43,133
87,62,149
7,90,97
32,61,93
72,54,126
32,54,86
82,41,123
63,57,120
2,9,11
17,92,109
81,86,167
71,56,127
31,92,123
57,20,77
65,92,157
78,11,89
74,70,144
87,22,109
85,3,88
42,74,116
73,66,139
20,10,30
4,68,72
74,91,165
49,72,121
31,35,66
70,31,101
89,31,120
46,89,135
32,89,121
2,61,63
64,9,73
88,20,108
73,64,137
59,85,144
16,28,44
92,29,121
46,12,58
41,76,117
22,2,24
83,97,180
68,56,124
58,76,134
33,36,69
5,75,80
9,69,78
44,24,68
88,96,184
20,4,24
70,46,116
70,0,70
41,15,56
7,76,83
0,64,64
91,34,125
79,85,164
51,34,85
13,5,18
86,95,181
53,92,145
6,12,18
2,9,11
16,54,70
42,46,88
94,44,138
39,43,82
12,40,52
39,48,87
5,17,22
3,46,49
54,1,55
48,98,146
93,23,116
20,16,36
9,52,61
38,6,44
91,7,98
62,25,87
70,39,109
55,94,149
26,37,63
96,62,158
55,95,150
52,43,95
71,11,82
40,89,129
2,34,36
32,61,93
48,88,136
32,99,131
85,5,90
17,40,57
31,24,55
79,20,99
25,15,40
29,43,72
52,31,83
26,93,119
63,91,154
66,22,88
63,40,103
26,31,57
32,49,81
4,70,74
88,75,163
8,86,94
96,31,127
46,2,48
52,11,63
51,50,101
18,82,100
49,26,75
34,42,76
79,36,115
32,82,114
64,26,90
18,98,116
55,74,129
32,83,115
16,31,47
69,36,105
28,37,65
94,16,110
99,60,159
28,69,97
98,76,174
2,30,32
16,64,80
93,54,147
19,35,54
48,50,98
90,16,106
2,66,68
90,74,164
36,21,57
40,13,53
47,33,80
98,81,179
43,79,122
9,36,45
12,75,87
68,25,93
18,34,52
12,31,43
33,99,132
75,52,127
47,93,140
38,6,44
73,14,87
99,58,157
46,90,136
59,82,141
26,78,104
40,49,89
42,42,84
92,78,170
64,31,95
81,34,115
89,99,188
25,71,96
96,28,124
60,61,121
26,43,69
14,30,44
63,52,115
22,21,43
4,54,58
60,59,119
15,78,93
78,88,166
79,16,95
33,36,69
94,32,126
80,87,167
92,69,161
88,60,148
90,38,128
68,35,103
24,71,95
57,96,153
4,73,77
91,26,117
26,21,47
57,55,112
20,49,69
30,67,97
54,71,125
99,67,166
72,46,118
88,43,131
43,62,105
75,16,91
16,26,42
72,10,82
52,48,100
12,75,87
71,34,105
74,88,162
54,27,81
45,64,109
97,20,117
33,79,112
14,71,85
49,19,68
83,55,138
54,50,104
3,53,56
87,75,162
64,69,133
64,61,125
50,56,106
57,55,112
66,54,120
53,37,90
40,17,57
2,51,53
63,63,126
52,8,60
19,32,51
57,81,138
17,78,95
50,64,114
93,21,114
55,76,131
67,61,128
74,2,76
85,73,158
66,93,159
6,17,23
30,5,35
68,95,163
44,53,97
21,85,106
32,92,124
91,69,160
77,82,159
72,44,116
84,14,98
68,79,147
35,28,63
33,30,63
24,93,117
73,52,125
27,37,64
42,30,72
42,4,46
4,98,102
77,44,121
82,28,110
9,66,75
26,13,39
79,31,110
86,46,132
10,57,67
34,51,85
86,17,103
73,13,86
51,45,96
57,36,93
20,71,91
33,2,35
90,7,97
23,34,57
56,99,155
99,80,179
30,34,64
95,60,155
75,53,128
18,15,33
64,89,153
28,40,68
91,84,175
11,35,46
20,68,88
40,48,88
90,36,126
28,74,102
53,94,147
23,45,68
12,11,23
96,81,177
11,25,36
88,68,156
38,61,99
66,5,71
36,42,78
75,94,169
61,39,100
76,39,115
12,5,17
72,32,104
90,0,90
30,54,84
39,44,83
4,34,38
71,74,145
69,4,73
23,48,71
28,4,32
42,12,54
45,72,117
2,97,99
75,60,135
37,77,114
69,15,84
52,11,63
55,32,87
39,68,107
91,30,121
19,43,62
31,38,69
33,23,56
73,68,141
23,99,122
93,63,156
18,60,78
12,6,18
1,38,39
10,34,44
5,9,14
11,69,80
53,16,69
23,30,53
30,41,71
8,53,61
2,85,87
58,30,88
47,10,57
38,29,67
3,27,30
13,44,57
91,34,125
45,91,136
95,8,103
97,62,159
42,10,52
36,72,108
97,92,189
17,26,43
32,77,109
92,96,188
44,86,130
70,53,123
17,99,116
5,46,51
76,2,78
32,73,105
61,29,90
62,66,128
60,6,66
96,90,186
99,13,112
46,86,132
6,7,13
7,26,33
35,27,62
69,88,157
2,96,98
48,82,130
93,24,117
18,64,82
86,83,169
54,99,153
8,60,68
78,78,156
15,43,58
66,63,129
24,74,98
31,15,46
41,74,115
47,84,131
41,9,50
3,93,96
6,67,73
40,41,81
45,70,115
89,95,184
28,30,58
21,14,35
99,40,139
80,70,150
58,47,105
46,27,73
35,40,75
2,52,54
72,64,136
83,7,90
35,67,102
27,95,122
47,97,144
61,63,124
10,88,98
90,66,156
51,19,70
95,64,159
49,79,128
62,47,109
91,9,100
74,36,110
90,21,111
84,4,88
82,93,175
87,9,96
39,23,62
53,68,121
49,83,132
31,26,57
6,13,19
81,3,84
36,48,84
96,60,156
24,87,111
30,79,109
24,45,69
60,70,130
80,49,129
49,12,61
19,69,88
39,90,129
55,69,124
19,10,29
53,65,118
29,67,96
7,55,62
95,13,108
24,80,104
44,91,135
48,15,63
82,52,134
38,66,104
44,41,85
56,92,148
93,51,144
63,89,152
51,15,66
16,20,36
73,99,172
47,40,87
21,86,107
41,11,52
33,37,70
37,54,91
10,92,102
6,98,104
55,94,149
35,41,76
37,40,77
78,12,90
67,84,151
52,61,113
97,66,163
97,15,112
66,28,94
90,23,113
99,47,146
99,70,169
89,91,180
97,69,166
99,43,142
64,50,114
93,52,145
16,42,58
89,2,91
53,54,107
63,55,118
29,47,76
5,54,59
27,93,120
21,10,31
96,69,165
27,64,91
16,50,66
78,37,115
79,31,110
12,76,88
31,84,115
38,96,134
25,52,77
52,84,136
35,78,113
47,55,102
65,47,112
3,22,25
50,41,91
81,29,110
91,74,165
30,30,60
40,64,104
5,15,20
75,70,145
21,15,36
66,61,127
44,9,53
14,77,91
29,12,41
96,25,121
84,2,86
9,84,93
67,4,71
22,93,115
68,60,128
31,87,118
30,47,77
70,7,77
98,52,150
84,14,98
46,92,138
7,82,89
11,96,107
86,54,140
91,46,137
7,48,55
53,29,82
92,66,158
83,95,178
68,67,135
30,6,36
64,57,121
11,7,18
95,55,150
39,93,132
87,24,111
16,58,74
95,37,132
84,44,128
43,63,106
77,54,131
70,55,125
71,74,145
37,4,41
46,54,100
37,46,83
49,83,132
57,84,141
43,80,123
35,17,52
26,79,105
93,18,111
57,26,83
31,24,55
26,37,63
30,64,94
23,79,102
52,54,106
70,10,80
25,68,93
88,59,147
47,97,144
57,83,140
24,93,117
87,76,163
51,57,108
2,66,68
39,75,114
13,22,35
57,6,63
28,32,60
82,59,141
26,70,96
29,85,114
8,29,37
95,26,121
30,85,115
60,96,156
97,23,120
41,81,122
29,97,126
67,66,133
46,60,106
43,98,141
74,52,126
34,0,34
53,86,139
22,97,119
29,11,40
51,46,97
16,91,107
48,73,121
92,89,181
47,85,132
19,79,98
94,21,115
47,27,74
84,87,171
1,72,73
79,11,90
25,40,65
76,24,100
17,29,46
8,53,61
43,34,77
23,38,61
19,79,98
3,4,7
12,83,95
47,42,89
42,89,131
58,22,80
59,13,72
38,78,116
56,97,153
57,10,67
82,99,181
71,24,95
83,0,83
25,53,78
25,76,101
15,8,23
46,68,114
58,93,151
48,20,68
60,36,96
70,94,164
24,15,39
46,40,86
33,5,38
72,23,95
41,66,107
82,43,125
50,77,127
98,69,167
48,57,105
93,86,179
98,49,147
99,59,158
69,87,156
42,40,82
87,90,177
5,86,91
59,27,86
85,13,98
48,96,144
54,49,103
86,17,103
53,66,119
86,56,142
73,2,75
8,9,17
94,99,193
27,73,100
34,46,80
5,58,63
68,7,75
71,20,91
2,17,19
39,72,111
60,70,130
86,28,114
10,68,78
48,58,106
25,23,48
67,52,119
51,15,66
88,41,129
51,7,58
37,54,91
68,69,137
73,91,164
45,39,84
94,35,129
31,89,120
75,44,119
43,81,124
97,35,132
77,2,79
98,5,103
18,3,21
43,11,54
27,48,75
7,66,73
92,4,96
16,36,52
85,31,116
40,3,43
61,91,152
17,25,42
40,30,70
34,98,132
93,84,177
63,35,98
8,41,49
99,29,128
59,33,92
86,45,131
36,65,101
0,92,92
23,22,45
13,11,24
66,93,159
54,65,119
89,14,103
54,50,104
24,60,84
78,78,156
35,1,36
37,50,87
56,28,84
32,39,71
5,19,24
38,96,134
6,28,34
65,87,152
52,31,83
37,61,98
58,96,154
39,69,108
49,50,99
40,65,105
54,6,60
58,28,86
62,19,81
20,31,51
34,58,92
36,51,87
86,37,123
52,44,96
91,86,177
91,35,126
35,68,103
33,54,87
20,97,117
22,94,116
7,72,79
37,59,96
38,27,65
59,78,137
73,84,157
96,94,190
70,11,81
8,67,75
60,69,129
11,80,91
22,0,22
61,30,91
53,4,57
82,57,139
42,2,44
7,43,50
56,22,78
96,15,111
31,28,59
2,30,32
78,76,154
75,86,161
40,18,58
88,29,117
35,19,54
12,66,78
43,70,113
52,84,136
31,46,77
6,30,36
14,38,52
76,36,112
32,2,34
70,47,117
98,61,159
28,12,40
22,11,33
75,69,144
55,89,144
99,44,143
31,72,103
68,10,78
91,33,124
37,37,74
93,5,98
77,36,113
54,44,98
6,96,102
53,76,129
79,32,111
29,94,123
79,31,110
9,32,41
2,20,22
99,99,198
11,24,35
2,69,71
14,34,48
81,2,83
37,29,66
85,24,109
38,48,86
19,38,57
78,69,147
29,36,65
18,11,29
75,8,83
29,1,30
83,22,105
29,11,40
18,67,85
81,77,158
30,14,44
38,49,87
35,33,68
22,88,110
70,93,163
5,10,15
13,26,39
7,29,36
24,31,55
31,92,123
27,93,120
85,58,143
79,45,124
85,16,101
45,88,133
70,2,72
28,47,75
63,17,80
94,74,168
49,43,92
31,24,55
84,6,90
92,98,190
55,76,131
33,10,43
78,45,123
3,40,43
92,67,159
74,28,102
55,13,68
72,92,164
14,15,29
80,15,95
72,22,94
64,36,100
25,55,80
0,74,74
43,4,47
66,95,161
37,78,115
90,61,151
32,29,61
7,91,98
86,74,160
38,54,92
46,87,133
14,45,59
94,57,151
20,44,64
83,15,98
91,64,155
46,58,104
61,99,160
92,13,105
30,55,85
1,82,83
72,84,156
19,79,98
43,24,67
92,42,134
91,0,91
73,98,171
93,53,146
93,54,147
34,40,74
74,67,141
47,25,72
32,30,62
63,48,111
76,4,80
26,18,44
86,12,98
71,64,135
29,20,49
2,84,86
84,12,96
40,29,69
52,58,110
88,86,174
69,90,159
21,96,117
92,56,148
37,5,42
38,57,95
76,93,169
55,29,84
73,38,111
96,66,162
61,5,66
66,83,149
42,42,84
60,31,91
35,70,105
12,95,107
2,56,58
30,6,36
93,72,165
10,65,75
38,32,70
1,26,27
5,86,91
33,84,117
54,72,126
20,80,100
64,72,136
41,16,57
9,35,44
8,26,34
23,96,119
22,72,94
68,82,150
58,34,92
98,46,144
38,72,110
94,65,159
31,25,56
63,53,116
61,14,75
58,60,118
70,2,72
33,89,122
4,37,41
22,41,63
34,85,119
72,80,152
76,90,166
17,53,70
41,35,76
0,71,71
99,45,144
71,8,79
69,92,161
71,96,167
59,36,95
78,77,155
47,52,99
44,35,79
1,16,17
97,80,177
57,86,143
45,35,80
73,32,105
19,70,89
45,19,64
69,73,142
28,11,39
5,37,42
41,80,121
64,76,140
69,97,166
79,97,176
3,15,18
95,8,103
38,61,99
86,8,94
61,52,113
5,43,48
2,80,82
51,29,80
76,63,139
16,35,51
38,44,82
2,75,77
91,74,165
17,43,60
44,24,68
93,68,161
35,10,45
70,69,139
27,72,99
43,50,93
38,79,117
6,58,64
22,60,82
87,71,158
62,15,77
42,16,58
96,93,189
91,42,133
76,33,109
64,14,78
34,99,133
30,36,66
21,21,42
32,21,53
42,62,104
89,48,137
65,5,70
69,74,143
98,72,170
30,75,105
63,54,117
70,80,150
34,71,105
41,80,121
17,97,114
45,50,95
25,16,41
10,62,72
65,56,121
61,8,69
99,24,123
92,3,95
95,60,155
84,30,114
24,33,57
77,68,145
42,19,61
73,49,122
61,17,78
37,24,61
56,99,155
20,62,82
29,3,32
46,47,93
37,14,51
95,17,112
8,16,24
50,28,78
88,92,180
13,55,68
81,93,174
85,57,142
92,26,118
32,62,94
45,68,113
80,16,96
91,30,121
6,84,90
24,89,113
95,50,145
99,50,149
8,74,82
55,9,64
76,90,166
0,63,63
18,45,63
11,71,82
37,34,71
21,59,80
15,20,35
67,15,82
83,20,103
54,74,128
24,39,63
66,33,99
30,98,128
6,25,31
96,85,181
33,68,101
69,92,161
50,68,118
98,54,152
67,0,67
26,29,55
20,88,108
47,27,74
71,13,84
91,96,187
64,73,137
1,26,27
31,6,37
13,76,89
69,86,155
14,99,113
23,87,110
99,86,185
30,91,121
35,23,58
3,71,74
52,54,106
51,16,67
64,67,131
56,55,111
42,94,136
33,64,97
54,81,135
48,23,71
63,68,131
65,40,105
17,54,71
38,1,39
35,5,40
50,38,88
63,32,95
73,17,90
77,11,88
67,53,120
94,7,101
19,96,115
98,3,101
96,13,109
7,62,69
89,61,150
88,99,187
17,30,47
74,0,74
78,87,165
3,85,88
89,0,89
0,1,1
74,89,163
85,93,178
73,15,88
76,98,174
56,95,151
18,68,86
18,81,99
29,69,98
74,38,112
19,46,65
76,3,79
3,79,82
39,0,39
39,13,52
63,13,76
86,61,147
45,95,140
20,32,52
41,33,74
70,37,107
77,44,121
34,86,120
82,5,87
30,69,99
91,37,128
78,99,177
81,64,145
64,92,156
2,31,33
20,49,69
67,93,160
44,58,102
41,20,61
22,51,73
32,27,59
39,29,68
63,85,148
92,7,99
20,26,46
46,65,111
81,26,107
97,39,136
84,52,136
93,17,110
18,5,23
54,69,123
44,44,88
11,13,24
4,74,78
89,27,116
51,5,56
85,59,144
16,77,93
35,31,66
54,47,101
61,1,62
51,21,72
25,81,106
11,57,68
90,80,170
57,48,105
83,21,104
87,13,100
31,34,65
8,86,94
2,9,11
73,39,112
53,60,113
28,39,67
4,36,40
3,60,63
37,2,39
86,69,155
93,41,134
65,42,107
30,27,57
3,12,15
68,46,114
57,7,64
70,27,97
76,56,132
29,69,98
12,61,73
53,65,118
1,15,16
44,23,67
18,29,47
18,42,60
61,74,135
9,29,38
57,92,149
5,9,14
20,49,69
66,96,162
59,2,61
2,33,35
37,80,117
20,86,106
28,16,44
83,56,139
67,11,78
66,66,132
23,13,36
99,36,135
31,7,38
16,52,68
94,39,133
46,68,114
94,79,173
86,66,152
96,83,179
20,48,68
25,45,70
46,28,74
61,3,64
60,45,105
30,50,80
71,37,108
95,56,151
70,38,108
5,80,85
89,3,92
43,8,51
19,37,56
10,6,16
18,53,71
85,64,149
75,6,81
32,67,99
22,13,35
77,72,149
19,60,79
74,2,76
71,57,128
71,33,104
58,81,139
8,39,47
48,51,99
48,81,129
6,85,91
82,80,162
85,62,147
50,28,78
69,28,97
79,27,106
69,62,131
15,40,55
83,68,151
46,31,77
99,11,110
55,90,145
31,65,96
1,40,41
2,77,79
90,49,139
16,3,19
90,11,101
48,97,145
89,79,168
25,87,112
93,35,128
89,15,104
90,23,113
50,3,53
55,92,147
12,93,105
41,34,75
51,69,120
91,41,132
13,74,87
42,83,125
5,27,32
87,63,150
11,81,92
65,53,118
84,0,84
38,38,76
7,53,60
12,86,98
18,92,110
28,70,98
3,47,50
71,66,137
12,23,35
58,25,83
26,14,40
29,52,81
62,74,136
31,83,114
64,68,132
96,50,146
3,8,11
6,67,73
84,97,181
78,88,166
28,92,120
20,23,43
74,41,115
61,93,154
81,86,167
3,50,53
40,17,57
81,13,94
61,82,143
54,22,76
97,47,144
53,71,124
86,55,141
65,24,89
46,92,138
13,30,43
72,34,106
97,3,100
64,26,90
24,52,76
75,29,104
8,98,106
24,79,103
10,88,98
91,64,155
46,88,134
88,22,110
14,69,83
5,85,90
28,36,64
53,19,72
87,9,96
71,72,143
71,40,111
41,82,123
47,13,60
5,15,20
1,99,100
1,75,76
76,26,102
50,75,125
66,52,118
17,78,95
51,76,127
15,2,17
76,94,170
47,75,122
87,52,139
38,4,42
85,35,120
16,43,59
92,23,115
2,79,81
73,74,147
74,36,110
82,85,167
4,44,48
97,3,100
10,98,108
75,47,122
69,21,90
7,78,85
25,79,104
78,37,115
6,84,90
38,70,108
38,83,121
1,39,40
0,95,95
4,49,53
72,60,132
26,61,87
37,74,111
77,2,79
67,90,157
57,13,70
82,59,141
12,53,65
13,3,16
28,7,35
50,54,104
49,74,123
63,61,124
52,86,138
12,2,14
72,99,171
32,12,44
85,55,140
60,26,86
68,18,86
58,65,123
4,51,55
95,56,151
31,13,44
79,43,122
70,27,97
36,13,49
90,63,153
2,53,55
97,39,136
72,17,89
16,61,77
4,82,86
7,32,39
82,98,180
46,4,50
45,25,70
67,90,157
86,60,146
80,93,173
17,58,75
81,17,98
93,5,98
56,49,105
81,81,162
37,58,95
5,64,69
87,17,104
79,98,177
93,38,131
0,39,39
92,60,152
26,38,64
88,71,159
28,88,116
43,87,130
67,93,160
31,33,64
57,54,111
12,50,62
36,26,62
22,51,73
43,85,128
97,52,149
44,30,74
98,65,163
17,11,28
30,21,51
5,9,14
14,45,59
77,1,78
57,10,67
20,93,113
88,25,113
59,18,77
44,45,89
61,37,98
98,68,166
2,65,67
38,90,128
20,40,60
44,20,64
90,4,94
6,68,74
89,77,166
50,23,73
98,73,171
4,35,39
0,59,59
65,72,137
86,35,121
40,42,82
30,51,81
39,40,79
27,59,86
51,56,107
88,44,132
24,7,31
31,93,124
6,9,15
61,63,124
83,7,90
1,64,65
56,74,130
68,33,101
55,14,69
46,89,135
75,42,117
58,67,125
0,74,74
13,45,58
95,94,189
69,80,149
85,32,117
92,47,139
27,62,89
47,43,90
7,44,51
96,98,194
50,27,77
48,57,105
19,8,27
58,4,62
97,50,147
38,12,50
44,19,63
98,65,163
70,43,113
13,68,81
90,82,172
68,48,116
15,81,96
63,41,104
33,58,91
10,34,44
94,14,108
25,33,58
14,82,96
43,18,61
23,65,88
4,28,32
34,69,103
22,37,59
59,78,137
6,89,95
74,0,74
12,11,23
64,93,157
53,91,144
29,14,43
49,36,85
89,37,126
3,41,44
52,91,143
69,33,102
47,90,137
59,89,148
52,1,53
58,30,88
94,55,149
29,55,84
49,17,66
92,25,117
58,30,88
90,22,112
59,40,99
37,83,120
37,64,101
0,87,87
52,99,151
49,17,66
73,9,82
89,99,188
45,34,79
41,48,89
93,48,141
87,23,110
92,34,126
65,81,146
12,95,107
40,59,99
93,60,153
4,64,68
89,22,111
1,17,18
34,51,85
47,88,135
80,81,161
62,85,147
48,55,103
41,85,126
9,69,78
11,96,107
36,97,133
97,12,109
9,78,87
65,1,66
91,77,168
62,34,96
61,82,143
9,69,78
35,75,110
33,32,65
31,82,113
64,70,134
3,17,20
40,67,107
19,55,74
76,13,89
26,5,31
24,4,28
26,85,111
92,7,99
50,26,76
19,67,86
52,70,122
11,57,68
38,22,60
28,57,85
61,74,135
36,52,88
16,13,29
94,96,190
22,30,52
59,23,82
51,15,66
35,20,55
36,95,131
47,27,74
5,44,49
86,48,134
7,99,106
31,89,120
89,34,123
99,27,126
16,97,113
68,57,125
37,30,67
55,89,144
70,91,161
61,91,152
0,71,71
12,74,86
1,48,49
50,39,89
11,69,80
5,41,46
54,26,80
16,39,55
88,24,112
25,85,110
55,0,55
30,46,76
14,71,85
93,85,178
7,50,57
57,67,124
9,96,105
99,59,158
34,41,75
28,10,38
42,80,122
23,30,53
64,61,125
97,51,148
26,99,125
79,73,152
61,98,159
55,73,128
47,83,130
32,67,99
34,74,108
9,65,74
28,54,82
7,67,74
38,88,126
95,60,155
99,16,115
7,6,13
42,77,119
40,96,136
72,10,82
6,8,14
44,54,98
17,22,39
89,69,158
12,77,89
98,50,148
59,95,154
30,37,67
94,85,179
11,44,55
7,38,45
84,98,182
38,28,66
37,84,121
11,1,12
72,79,151
29,58,87
74,40,114
95,91,186
11,7,18
28,77,105
53,14,67
43,74,117
7,98,105
8,68,76
54,86,140
64,76,140
85,4,89
58,75,133
70,49,119
89,96,185
57,31,88
51,31,82
11,81,92
15,38,53
65,3,68
87,96,183
81,98,179
17,12,29
21,41,62
59,45,104
92,25,117
5,60,65
86,53,139
65,17,82
39,0,39
72,11,83
9,11,20
37,77,114
98,45,143
7,14,21
2,85,87
60,3,63
82,36,118
11,53,64
6,60,66
54,71,125
92,45,137
71,26,97
27,15,42
16,16,32
33,76,109
17,36,53
46,60,106
21,1,22
16,33,49
63,25,88
24,87,111
29,97,126
70,30,100
83,96,179
57,5,62
88,12,100
5,41,46
63,23,86
46,0,46
11,8,19
54,50,104
76,20,96
62,19,81
79,36,115
76,94,170
14,22,36
31,20,51
7,75,82
59,29,88
13,37,50
30,86,116
51,19,70
64,70,134
95,14,109
89,30,119
6,76,82
38,79,117
24,1,25
78,74,152
35,0,35
43,93,136
90,76,166
15,63,78
23,41,64
55,18,73
22,28,50
36,4,40
16,32,48
1,5,6
56,16,72
7,29,36
79,38,117
73,92,165
84,99,183
24,8,32
21,56,77
19,6,25
52,72,124
85,44,129
26,94,120
44,45,89
83,15,98
9,50,59
30,23,53
24,89,113
60,77,137
11,12,23
85,79,164
43,49,92
65,46,111
12,23,35
54,91,145
85,72,157
37,61,98
41,6,47
43,48,91
33,17,50
94,59,153
68,44,112
11,76,87
59,15,74
62,33,95
46,60,106
38,90,128
77,47,124
39,71,110
86,14,100
11,19,30
25,56,81
49,35,84
68,69,137
92,94,186
65,85,150
99,52,151
20,91,111
40,47,87
79,98,177
44,9,53
41,47,88
0,0,0
15,32,47
10,38,48
86,89,175
71,78,149
10,60,70
84,38,122
27,46,73
2,32,34
77,36,113
11,63,74
1,64,65
73,62,135
86,91,177
96,94,190
2,18,20
27,61,88
2,77,79
55,52,107
41,21,62
77,5,82
16,27,43
97,73,170
72,64,136
53,10,63
98,51,149
78,89,167
34,86,120
67,97,164
80,98,178
14,79,93
21,5,26
90,10,100
36,14,50
14,21,35
70,75,145
22,34,56
36,12,48
9,42,51
34,66,100
82,73,155
3,90,93
44,21,65
26,12,38
87,64,151
81,23,104
2,2,4
2,55,57
87,47,134
16,52,68
96,60,156
56,46,102
54,99,153
90,31,121
13,3,16
46,24,70
97,74,171
19,4,23
49,52,101
54,64,118
13,22,35
62,39,101
93,15,108
36,43,79
81,4,85
0,84,84
97,16,113
49,11,60
25,19,44
78,7,85
98,21,119
37,85,122
40,0,40
58,73,131
71,6,77
69,90,159
73,39,112
49,79,128
21,16,37
28,83,111
66,21,87
27,41,68
41,86,127
31,50,81
68,68,136
61,63,124
15,23,38
71,31,102
20,90,110
85,16,101
20,10,30
44,85,129
64,13,77
40,48,88
78,14,92
75,82,157
79,25,104
84,41,125
68,83,151
14,33,47
97,3,100
7,33,40
79,12,91
13,1,14
86,48,134
3,29,32
57,69,126
21,52,73
3,4,7
78,58,136
26,8,34
74,96,170
82,68,150
79,29,108
31,92,123
72,95,167
83,40,123
2,75,77
69,82,151
58,6,64
53,98,151
37,96,133
91,1,92
9,19,28
88,47,135
96,86,182
44,6,50
36,64,100
76,97,173
78,51,129
24,24,48
45,34,79
22,16,38
37,57,94
55,10,65
43,5,48
97,66,163
67,92,159
6,36,42
8,69,77
95,72,167
84,80,164
71,61,132
74,82,156
54,43,97
83,27,110
30,74,104
23,35,58
88,87,175
34,3,37
3,73,76
71,27,98
13,18,31
26,60,86
65,84,149
80,9,89
64,36,100
46,12,58
73,38,111
1,11,12
68,45,113
85,69,154
97,52,149
90,90,180
20,79,99
42,26,68
46,83,129
69,31,100
53,12,65
31,87,118
50,87,137
85,51,136
78,78,156
52,35,87
65,93,158
95,14,109
41,58,99
62,31,93
34,59,93
38,20,58
52,98,150
54,27,81
61,51,112
44,1,45
15,84,99
26,43,69
43,33,76
44,40,84
0,40,40
73,85,158
44,72,116
14,56,70
87,24,111
78,92,170
33,99,132
51,46,97
48,31,79
31,45,76
62,16,78
90,59,149
97,8,105
41,16,57
8,69,77
70,16,86
19,65,84
52,0,52
69,49,118
37,59,96
50,98,148
91,5,96
69,97,166
73,7,80
37,94,131
61,9,70
45,68,113
10,61,71
92,65,157
40,79,119
2,25,27
5,57,62
27,61,88
34,9,43
98,27,125
45,47,92
55,82,137
89,12,101
82,45,127
73,89,162
30,58,88
88,23,111
94,52,146
33,13,46
13,49,62
49,22,71
47,69,116
74,38,112
56,83,139
29,23,52
36,44,80
29,19,48
30,98,128
75,45,120
37,95,132
69,85,154
60,81,141
43,89,132
19,20,39
8,55,63
57,66,123
96,11,107
32,52,84
51,23,74
83,11,94
84,85,169
46,5,51
39,75,114
49,40,89
80,77,157
5,76,81
15,60,75
1,65,66
1,14,15
24,36,60
24,99,123
15,0,15
44,49,93
72,28,100
66,7,73
75,56,131
79,40,119
45,80,125
54,16,70
44,42,86
52,51,103
23,27,50
69,7,76
83,98,181
33,8,41
40,8,48
24,98,122
15,22,37
41,90,131
32,24,56
87,23,110
32,44,76
86,4,90
0,3,3
44,47,91
54,36,90
29,96,125
5,79,84
17,98,115
65,38,103
69,9,78
11,95,106
55,30,85
6,86,92
26,79,105
20,78,98
61,49,110
98,12,110
93,73,166
48,32,80
88,0,88
90,29,119
8,37,45
99,74,173
21,45,66
24,33,57
91,66,157
53,24,77
42,87,129
28,41,69
83,39,122
68,88,156
52,87,139
11,21,32
91,42,133
67,19,86
56,48,104
25,91,116
48,81,129
56,94,150
62,65,127
62,49,111
59,66,125
26,43,69
12,41,53
6,59,65
33,1,34
68,69,137
8,60,68
51,28,79
94,94,188
17,19,36
1,11,12
50,42,92
64,23,87
97,98,195
26,73,99
37,77,114
25,95,120
1,75,76
4,18,22
74,97,171
55,79,134
8,15,23
16,39,55
26,46,72
46,26,72
81,98,179
64,20,84
62,66,128
69,56,125
61,17,78
14,28,42
49,66,115
71,74,145
64,87,151
66,17,83
63,5,68
80,85,165
58,82,140
29,46,75
83,73,156
82,84,166
62,56,118
53,35,88
75,99,174
31,55,86
79,22,101
56,37,93
87,40,127
65,14,79
65,15,80
80,45,125
99,1,100
25,1,26
74,58,132
14,50,64
83,5,88
73,10,83
30,62,92
68,98,166
73,13,86
79,57,136
99,73,172
37,57,94
53,93,146
35,35,70
61,42,103
1,92,93
14,3,17
80,27,107
44,15,59
11,47,58
69,66,135
35,32,67
1,72,73
45,77,122
84,95,179
13,3,16
81,56,137
7,43,50
83,27,110
62,99,161
80,54,134
29,69,98
26,65,91
25,22,47
59,11,70
57,3,60
61,67,128
1,4,5
14,43,57
92,87,179
23,47,70
43,6,49
12,18,30
59,14,73
65,90,155
26,11,37
13,1,14
31,30,61
57,82,139
62,41,103
59,9,68
63,5,68
38,46,84
22,5,27
49,20,69
2,51,53
70,41,111
63,26,89
25,46,71
20,78,98
90,25,115
26,43,69
93,17,110
80,71,151
71,88,159
99,26,125
90,8,98
19,95,114
61,96,157
44,41,85
1,36,37
97,22,119
21,11,32
33,33,66
64,63,127
0,12,12
78,58,136
56,67,123
80,21,101
6,20,26
49,36,85
10,28,38
24,85,109
60,85,145
93,34,127
90,97,187
15,26,41
13,4,17
25,2,27
79,24,103
66,85,151
66,96,162
73,34,107
13,34,47
34,37,71
17,98,115
13,89,102
99,47,146
10,9,19
17,20,37
71,88,159
47,21,68
72,45,117
78,59,137
39,8,47
24,14,38
29,89,118
58,34,92
33,32,65
21,68,89
14,23,37
5,45,50
97,80,177
46,39,85
87,3,90
95,35,130
37,49,86
85,99,184
3,28,31
2,38,40
90,42,132
48,39,87
89,58,147
46,76,122
21,77,98
98,85,183
11,37,48
98,66,164
93,27,120
72,60,132
27,40,67
6,10,16
88,73,161
2,54,56
73,37,110
63,47,110
76,80,156
42,14,56
65,25,90
13,75,88
12,8,20
85,76,161
76,88,164
13,36,49
27,49,76
88,38,126
15,8,23
80,68,148
67,1,68
75,14,89
53,19,72
54,49,103
19,24,43
33,14,47
23,60,83
54,62,116
30,96,126
49,29,78
52,75,127
73,57,130
54,93,147
37,54,91
19,93,112
83,0,83
76,0,76
33,7,40
45,50,95
78,69,147
68,60,128
8,66,74
44,6,50
70,40,110
70,89,159
63,5,68
92,38,130
89,54,143
62,38,100
43,8,51
24,7,31
12,73,85
44,70,114
6,93,99
77,47,124
99,47,146
48,14,62
15,71,86
66,11,77
19,94,113
86,57,143
39,59,98
54,91,145
76,35,111
17,22,39
68,69,137
38,72,110
66,83,149
63,81,144
28,31,59
41,85,126
96,46,142
13,87,100
9,89,98
97,40,137
42,91,133
22,31,53
6,1,7
9,22,31
88,23,111
33,29,62
80,23,103
6,4,10
67,13,80
71,50,121
59,49,108
9,33,42
93,86,179
52,53,105
96,63,159
98,26,124
33,29,62
21,63,84
72,45,117
73,45,118
67,88,155
49,8,57
81,84,165
28,16,44
57,83,140
79,60,139
51,50,101
87,38,125
61,3,64
88,77,165
70,89,159
53,83,136
31,44,75
81,47,128
54,28,82
39,13,52
22,41,63
48,34,82
75,40,115
91,47,138
49,28,77
32,17,49
17,80,97
14,94,108
56,47,103
27,72,99
10,66,76
73,36,109
36,61,97
22,77,99
73,75,148
4,7,11
4,52,56
4,79,83
12,94,106
22,63,85
48,41,89
68,99,167
94,36,130
24,52,76
73,62,135
20,30,50
12,35,47
64,38,102
68,50,118
53,99,152
57,44,101
80,91,171
85,57,142
53,35,88
90,89,179
21,47,68
29,25,54
78,28,106
24,45,69
20,97,117
13,46,59
32,19,51
31,15,46
65,91,156
57,1,58
37,91,128
43,55,98
32,32,64
31,28,59
83,73,156
46,55,101
36,51,87
67,23,90
68,4,72
22,99,121
28,4,32
93,57,150
95,77,172
2,50,52
85,85,170
85,5,90
89,28,117
51,63,114
86,56,142
54,60,114
28,91,119
7,9,16
89,37,126
35,79,114
52,43,95
56,44,100
84,18,102
8,75,83
96,34,130
53,13,66
67,78,145
99,46,145
6,3,9
25,77,102
52,82,134
26,38,64
70,20,90
27,27,54
17,64,81
94,27,121
3,40,43
60,40,100
73,33,106
31,59,90
4,33,37
77,55,132
58,23,81
39,37,76
70,86,156
64,55,119
30,44,74
95,14,109
50,69,119
27,99,126
10,72,82
77,99,176
55,33,88
53,85,138
58,77,135
96,18,114
17,94,111
96,7,103
52,23,75
87,85,172
78,15,93
65,48,113
50,0,50
60,50,110
45,82,127
13,87,100
12,4,16
10,81,91
94,61,155
55,28,83
39,54,93
17,88,105
35,47,82
76,6,82
82,7,89
65,87,152
93,4,97
21,37,58
71,41,112
55,15,70
0,37,37
91,12,103
73,93,166
31,80,111
70,7,77
41,76,117
9,70,79
81,72,153
2,71,73
10,32,42
33,31,64
50,15,65
8,90,98
76,28,104
35,2,37
13,57,70
29,28,57
3,62,65
48,51,99
82,19,101
83,92,175
82,68,150
65,98,163
51,32,83
67,22,89
33,77,110
42,39,81
25,52,77
14,5,19
25,98,123
43,15,58
72,90,162
57,28,85
17,69,86
29,62,91
56,10,66
14,9,23
52,53,105
70,39,109
66,89,155
20,12,32
77,8,85
33,31,64
10,91,101
43,46,89
96,9,105
84,88,172
66,5,71
19,64,83
53,19,72
27,93,120
81,20,101
50,30,80
3,34,37
40,74,114
60,89,149
39,95,134
85,77,162
28,28,56
20,53,73
80,42,122
64,30,94
70,7,77
46,84,130
7,47,54
28,20,48
81,10,91
23,45,68
44,29,73
82,61,143
59,86,145
24,41,65
85,98,183
76,43,119
43,17,60
29,64,93
27,31,58
6,60,66
56,52,108
98,38,136
20,43,63
12,6,18
3,73,76
89,77,166
56,10,66
18,52,70
80,50,130
23,17,40
69,30,99
89,64,153
99,53,152
50,67,117
24,74,98
36,2,38
72,39,111
19,58,77
50,76,126
20,98,118
74,63,137
48,92,140
42,2,44
2,18,20
6,64,70
52,5,57
89,99,188
81,40,121
76,46,122
0,79,79
76,45,121
94,20,114
87,23,110
34,8,42
29,68,97
23,59,82
14,54,68
35,47,82
4,94,98
18,18,36
51,8,59
11,67,78
94,72,166
63,84,147
99,73,172
42,78,120
74,96,170
94,52,146
74,41,115
39,59,98
82,37,119
83,69,152
41,57,98
91,75,166
27,30,57
98,18,116
47,10,57
12,64,76
94,35,129
85,9,94
21,32,53
75,16,91
28,29,57
6,55,61
64,77,141
76,40,116
49,67,116
37,88,125
74,5,79
65,82,147
29,36,65
93,35,128
22,37,59
98,58,156
53,43,96
14,91,105
6,33,39
61,81,142
68,7,75
64,75,139
84,16,100
16,88,104
92,19,111
27,83,110
11,17,28
33,23,56
83,6,89
74,77,151
62,56,118
65,97,162
29,94,123
45,77,122
30,30,60
75,85,160
62,95,157
81,8,89
70,72,142
19,40,59
80,11,91
55,90,145
52,35,87
70,43,113
79,70,149
61,25,86
50,92,142
61,17,78
24,16,40
64,73,137
75,89,164
80,47,127
45,52,97
68,88,156
22,4,26
88,26,114
50,5,55
76,24,100
92,90,182
6,67,73
61,71,132
93,30,123
39,84,123
70,4,74
51,62,113
18,37,55
92,78,170
76,3,79
53,48,101
93,59,152
26,52,78
8,80,88
62,34,96
60,30,90
70,99,169
64,48,112
66,20,86
81,83,164
8,6,14
83,6,89
46,61,107
0,78,78
76,65,141
40,88,128
28,21,49
91,47,138
37,18,55
90,26,116
86,96,182
7,85,92
97,39,136
77,78,155
91,94,185
76,97,173
28,7,35
7,83,90
99,39,138
27,48,75
76,35,111
7,3,10
7,62,69
45,91,136
26,79,105
70,20,90
18,57,75
23,63,86
78,37,115
27,93,120
13,4,17
58,51,109
67,89,156
62,40,102
7,87,94
23,12,35
92,69,161
32,79,111
57,96,153
32,3,35
81,69,150
63,9,72
84,53,137
3,28,31
8,96,104
65,92,157
8,36,44
64,72,136
21,2,23
2,98,100
7,59,66
24,55,79
87,22,109
14,24,38
94,45,139
7,99,106
18,9,27
46,81,127
3,67,70
47,90,137
29,2,31
30,73,103
64,38,102
9,1,10
49,67,116
37,95,132
17,12,29
47,4,51
55,26,81
54,0,54
7,49,56
39,1,40
42,79,121
95,64,159
70,87,157
56,61,117
71,42,113
21,59,80
71,87,158
13,61,74
19,80,99
45,96,141
14,7,21
95,70,165
58,69,127
96,52,148
21,81,102
92,33,125
79,63,142
69,32,101
17,92,109
61,16,77
95,95,190
11,9,20
14,75,89
64,13,77
64,30,94
97,5,102
69,1,70
94,51,145
42,78,120
56,92,148
66,38,104
65,76,141
61,33,94
17,67,84
21,39,60
66,7,73
19,97,116
77,47,124
23,78,101
3,6,9
90,23,113
48,31,79
37,6,43
67,25,92
50,17,67
55,61,116
85,5,90
0,57,57
78,47,125
12,26,38
55,13,68
19,68,87
37,37,74
86,27,113
70,84,154
65,66,131
33,68,101
26,37,63
55,48,103
36,26,62
89,14,103
87,31,118
57,53,110
60,41,101
80,48,128
34,52,86
63,26,89
67,23,90
80,16,96
91,35,126
68,93,161
70,11,81
43,54,97
44,41,85
71,13,84
77,98,175
66,52,118
87,57,144
45,39,84
1,65,66
21,10,31
41,72,113
96,7,103
89,75,164
54,62,116
2,37,39
99,65,164
62,53,115
27,95,122
98,53,151
94,93,187
97,41,138
1,83,84
7,51,58
38,10,48
40,6,46
77,7,84
83,68,151
74,41,115
72,17,89
58,84,142
65,85,150
26,84,110
6,49,55
50,7,57
76,95,171
65,40,105
3,52,55
98,63,161
66,51,117
43,84,127
68,86,154
25,8,33
46,37,83
57,51,108
54,85,139
36,14,50
62,80,142
94,52,146
89,98,187
26,34,60
69,70,139
91,53,144
82,21,103
13,9,22
55,9,64
10,14,24
90,27,117
85,83,168
72,34,106
58,70,128
24,61,85
40,83,123
80,76,156
99,21,120
17,75,92
15,41,56
16,99,115
64,66,130
14,41,55
88,45,133
76,18,94
66,72,138
48,59,107
13,62,75
22,38,60
29,9,38
76,78,154
47,4,51
80,99,179
76,50,126
95,35,130
40,16,56
94,36,130
31,77,108
17,83,100
97,95,192
18,94,112
5,66,71
42,0,42
82,16,98
63,61,124
64,75,139
94,9,103
27,12,39
93,26,119
38,6,44
96,41,137
91,21,112
84,60,144
57,58,115
70,63,133
71,76,147
81,7,88
7,52,59
37,41,78
4,39,43
12,91,103
54,14,68
47,4,51
95,82,177
31,35,66
19,67,86
97,31,128
62,98,160
67,32,99
88,4,92
30,12,42
8,68,76
67,37,104
83,13,96
95,79,174
64,88,152
41,18,59
39,33,72
41,2,43
22,62,84
21,39,60
51,33,84
26,98,124
50,25,75
9,42,51
83,36,119
76,92,168
28,29,57
78,17,95
22,29,51
28,24,52
86,29,115
67,64,131
62,43,105
47,30,77
20,40,60
59,89,148
77,81,158
19,15,34
78,99,177
79,9,88
90,79,169
49,35,84
71,39,110
28,50,78
4,80,84
89,2,91
27,66,93
27,2,29
42,40,82
95,84,179
37,26,63
81,55,136
27,88,115
73,62,135
49,24,73
9,83,92
6,98,104
70,72,142
48,85,133
35,87,122
20,35,55
25,3,28
38,58,96
67,26,93
78,26,104
91,13,104
33,0,33
94,78,172
50,26,76
31,7,38
5,99,104
53,52,105
67,65,132
23,28,51
49,79,128
34,8,42
52,7,59
32,21,53
83,5,88
0,26,26
0,19,19
52,39,91
60,45,105
3,37,40
6,16,22
95,4,99
47,82,129
35,51,86
93,46,139
75,98,173
9,60,69
28,78,106
24,58,82
49,66,115
19,73,92
8,7,15
60,26,86
93,6,99
99,78,177
40,26,66
38,86,124
95,18,113
2,68,70
30,44,74
56,44,100
22,54,76
64,61,125
8,39,47
32,64,96
22,32,54
79,87,166
56,95,151
8,77,85
16,63,79
86,92,178
8,5,13
72,58,130
79,73,152
69,50,119
53,20,73
3,96,99
97,55,152
84,41,125
83,38,121
2,3,5
98,71,169
53,63,116
78,38,116
46,78,124
22,61,83
94,11,105
0,66,66
28,10,38
98,9,107
1,32,33
71,79,150
28,40,68
27,96,123
40,85,125
75,32,107
22,85,107
65,56,121
37,16,53
53,88,141
42,49,91
85,38,123
44,17,61
2,60,62
72,81,153
98,54,152
74,13,87
1,27,28
86,89,175
75,12,87
95,55,150
73,41,114
70,39,109
37,75,112
8,4,12
47,97,144
61,19,80
77,11,88
90,81,171
47,71,118
73,50,123
27,50,77
17,9,26
88,91,179
72,97,169
25,41,66
19,37,56
70,59,129
4,61,65
87,87,174
5,47,52
42,35,77
56,13,69
43,73,116
74,70,144
15,77,92
80,26,106
15,70,85
72,46,118
26,41,67
45,87,132
39,98,137
0,28,28
3,93,96
15,43,58
28,41,69
15,90,105
15,30,45
50,90,140
24,73,97
4,8,12
35,55,90
46,47,93
68,10,78
49,75,124
15,45,60
64,77,141
34,72,106
21,84,105
90,2,92
62,85,147
79,77,156
34,45,79
71,45,116
23,88,111
58,59,117
36,30,66
50,25,75
8,95,103
40,15,55
85,2,87
87,86,173
99,1,100
59,68,127
57,48,105
28,9,37
51,68,119
67,41,108
26,80,106
33,74,107
87,73,160
50,68,118
80,67,147
72,83,155
76,71,147
5,45,50
60,69,129
47,38,85
35,33,68
60,40,100
78,88,166
23,54,77
67,64,131
28,44,72
57,40,97
59,6,65
79,90,169
69,93,162
65,40,105
4,39,43
90,49,139
5,69,74
93,2,95
92,79,171
89,6,95
74,37,111
38,87,125
1,51,52
88,29,117
32,76,108
91,74,165
73,98,171
3,90,93
8,36,44
85,32,117
95,85,180
31,30,61
49,36,85
82,46,128
95,60,155
92,91,183
88,0,88
59,85,144
93,51,144
22,61,83
21,51,72
91,27,118
55,97,152
18,59,77
11,46,57
79,7,86
96,2,98
9,41,50
67,78,145
39,15,54
65,22,87
82,47,129
24,9,33
4,7,11
40,21,61
2,29,31
34,46,80
59,75,134
86,52,138
45,40,85
53,57,110
96,47,143
82,43,125
7,82,89
88,49,137
13,25,38
35,67,102
34,89,123
44,37,81
39,16,55
92,81,173
57,54,111
22,75,97
48,33,81
35,46,81
37,61,98
40,89,129
59,36,95
95,60,155
6,43,49
17,74,91
95,57,152
3,62,65
79,18,97
16,23,39
80,10,90
78,76,154
47,26,73
65,70,135
65,64,129
10,36,46
48,8,56
55,15,70
33,50,83
22,73,95
9,61,70
63,40,103
73,30,103
14,16,30
80,78,158
32,89,121
44,4,48
0,30,30
75,32,107
3,40,43
74,4,78
66,37,103
14,32,46
61,87,148
27,89,116
80,77,157
17,77,94
86,60,146
74,95,169
3,23,26
88,29,117
1,74,75
67,22,89
7,70,77
35,53,88
93,14,107
74,90,164
68,72,140
21,35,56
22,59,81
15,50,65
15,68,83
28,19,47
58,37,95
76,84,160
51,71,122
53,74,127
21,59,80
78,36,114
97,20,117
79,15,94
15,83,98
90,81,171
76,73,149
37,32,69
53,7,60
45,72,117
64,12,76
19,91,110
21,86,107
91,46,137
41,59,100
10,5,15
99,95,194
84,63,147
24,50,74
98,43,141
88,55,143
52,11,63
56,84,140
19,65,84
16,11,27
13,99,112
45,76,121
48,31,79
85,9,94
25,30,55
65,99,164
21,99,120
18,20,38
67,37,104
42,53,95
90,64,154
69,98,167
40,71,111
83,42,125
35,58,93
48,49,97
44,64,108
10,86,96
61,88,149
72,78,150
48,15,63
78,68,146
53,56,109
42,96,138
77,21,98
10,85,95
31,31,62
63,32,95
98,43,141
42,75,117
38,26,64
24,11,35
4,91,95
80,28,108
66,85,151
87,75,162
63,62,125
79,7,86
44,38,82
47,16,63
51,9,60
36,67,103
75,92,167
71,38,109
13,77,90
59,20,79
79,23,102
17,27,44
91,46,137
77,77,154
33,39,72
18,45,63
43,27,70
52,11,63
8,83,91
94,73,167
5,47,52
92,94,186
39,79,118
66,59,125
53,47,100
67,72,139
29,57,86
67,64,131
57,47,104
75,54,129
1,48,49
33,5,38
13,97,110
40,42,82
14,26,40
77,63,140
54,76,130
64,32,96
43,53,96
83,14,97
70,77,147
69,28,97
56,20,76
7,30,37
75,36,111
0,91,91
83,57,140
86,79,165
32,58,90
18,17,35
40,51,91
63,38,101
88,99,187
75,64,139
42,93,135
42,87,129
18,68,86
43,15,58
9,58,67
92,58,150
68,83,151
79,54,133
35,32,67
60,43,103
80,10,90
59,59,118
62,54,116
90,47,137
74,85,159
27,89,116
88,32,120
50,83,133
15,88,103
38,19,57
51,1,52
29,50,79
75,46,121
24,11,35
10,42,52
23,49,72
29,20,49
25,39,64
99,97,196
15,29,44
46,88,134
66,73,139
14,74,88
83,47,130
29,49,78
73,0,73
18,15,33
40,3,43
73,20,93
76,87,163
23,70,93
31,42,73
23,4,27
27,48,75
55,40,95
28,31,59
75,19,94
34,65,99
2,9,11
47,55,102
46,79,125
47,95,142
90,91,181
29,53,82
91,15,106
3,42,45
99,66,165
65,87,152
45,81,126
55,85,140
2,32,34
57,31,88
49,42,91
78,69,147
13,93,106
0,19,19
85,22,107
91,19,110
72,68,140
51,68,119
61,20,81
23,9,32
9,34,43
8,2,10
68,32,100
46,3,49
30,29,59
73,13,86
75,59,134
29,31,60
40,0,40
55,58,113
99,43,142
65,35,100
13,60,73
63,40,103
15,44,59
98,16,114
65,12,77
34,78,112
78,35,113
21,92,113
40,89,129
84,25,109
31,88,119
23,99,122
81,5,86
71,51,122
28,58,86
30,82,112
7,41,48
29,0,29
3,98,101
3,34,37
34,38,72
56,24,80
75,2,77
70,75,145
60,20,80
25,40,65
16,89,105
68,79,147
93,59,152
68,16,84
31,20,51
32,35,67
99,83,182
65,26,91
66,6,72
92,14,106
63,43,106
30,27,57
90,93,183
64,9,73
59,57,116
71,27,98
8,82,90
39,77,116
66,4,70
49,83,132
42,55,97
72,23,95
52,46,98
40,7,47
7,39,46
68,84,152
80,72,152
68,88,156
63,66,129
76,49,125
22,61,83
13,83,96
67,22,89
26,93,119
54,69,123
19,78,97
45,19,64
28,34,62
3,18,21
64,97,161
58,5,63
28,69,97
34,59,93
85,49,134
93,89,182
94,98,192
60,79,139
5,94,99
32,36,68
26,25,51
73,96,169
90,48,138
72,25,97
94,24,118
48,22,70
37,98,135
20,29,49
3,65,68
88,92,180
97,0,97
50,78,128
11,61,72
38,55,93
49,60,109
60,7,67
54,69,123
83,50,133
2,7,9
48,60,108
96,7,103
21,28,49
40,56,96
61,81,142
14,32,46
89,80,169
27,18,45
53,63,116
29,5,34
48,20,68
43,83,126
63,79,142
58,5,63
52,84,136
91,73,164
11,61,72
50,81,131
53,61,114
73,58,131
29,51,80
49,30,79
26,98,124
27,79,106
99,4,103
68,74,142
71,15,86
94,22,116
23,44,67
36,19,55
54,44,98
22,34,56
10,5,15
56,32,88
46,10,56
33,48,81
66,22,88
99,25,124
69,51,120
33,55,88
53,60,113
0,93,93
79,14,93
6,27,33
66,24,90
76,56,132
48,95,143
19,11,30
25,69,94
57,81,138
49,81,130
81,89,170
59,39,98
28,11,39
5,37,42
95,86,181
71,3,74
44,49,93
9,15,24
80,7,87
21,86,107
66,69,135
29,13,42
55,33,88
41,91,132
60,65,125
14,35,49
26,13,39
50,83,133
39,34,73
46,36,82
36,74,110
41,27,68
90,19,109
87,77,164
16,79,95
56,56,112
16,58,74
34,57,91
52,47,99
4,40,44
20,69,89
42,65,107
20,21,41
78,73,151
18,3,21
26,67,93
74,62,136
26,0,26
33,43,76
49,59,108
52,45,97
10,64,74
10,65,75
27,81,108
30,47,77
0,24,24
99,31,130
14,16,30
99,37,136
73,5,78
1,92,93
31,78,109
9,20,29
96,54,150
23,35,58
9,14,23
52,58,110
55,59,114
88,19,107
66,93,159
54,89,143
82,28,110
96,6,102
70,65,135
37,55,92
75,44,119
14,24,38
15,38,53
85,54,139
50,34,84
20,62,82
71,77,148
43,20,63
67,13,80
92,30,122
65,11,76
9,20,29
26,93,119
37,58,95
55,41,96
83,75,158
61,75,136
42,17,59
88,4,92
0,6,6
24,30,54
36,75,111
3,14,17
57,70,127
39,81,120
36,19,55
83,83,166
9,74,83
16,57,73
30,60,90
85,35,120
77,71,148
8,29,37
37,60,97
6,32,38
39,75,114
26,95,121
44,96,140
23,96,119
16,12,28
5,71,76
79,62,141
65,7,72
31,43,74
3,82,85
76,79,155
22,54,76
79,71,150
11,15,26
23,71,94
5,15,20
39,2,41
44,78,122
96,62,158
32,67,99
48,38,86
50,25,75
97,52,149
57,90,147
24,27,51
48,40,88
56,18,74
17,74,91
82,46,128
40,38,78
98,21,119
99,84,183
62,6,68
78,98,176
59,32,91
94,81,175
57,9,66
95,52,147
80,5,85
6,15,21
7,75,82
29,83,112
68,13,81
89,91,180
43,93,136
88,77,165
4,61,65
2,45,47
99,22,121
69,12,81
4,76,80
47,21,68
71,55,126
71,34,105
11,34,45
37,57,94
10,64,74
26,48,74
29,21,50
92,99,191
42,69,111
16,16,32
10,33,43
99,87,186
10,3,13
31,51,82
68,56,124
21,98,119
3,48,51
43,60,103
20,40,60
86,14,100
57,90,147
23,47,70
6,5,11
58,22,80
85,54,139
74,76,150
19,34,53
62,7,69
50,20,70
4,55,59
26,48,74
52,99,151
39,86,125
19,29,48
34,52,86
98,4,102
73,93,166
62,1,63
37,1,38
46,3,49
50,48,98
65,83,148
87,36,123
20,70,90
9,84,93
65,97,162
61,88,149
7,89,96
18,67,85
62,35,97
62,44,106
82,8,90
87,72,159
43,74,117
32,4,36
98,67,165
13,60,73
17,87,104
47,59,106
0,64,64
22,41,63
73,26,99
43,61,104
62,58,120
3,85,88
54,30,84
83,40,123
53,7,60
42,26,68
69,95,164
24,83,107
92,13,105
86,73,159
50,34,84
15,1,16
38,2,40
90,23,113
59,47,106
12,52,64
40,63,103
46,97,143
73,20,93
70,15,85
43,22,65
62,85,147
10,24,34
68,8,76
72,34,106
9,74,83
11,62,73
76,99,175
73,88,161
20,55,75
38,0,38
1,90,91
15,70,85
97,38,135
57,63,120
93,89,182
50,78,128
62,69,131
38,88,126
5,32,37
0,23,23
40,62,102
50,27,77
12,36,48
81,50,131
31,32,63
96,25,121
90,36,126
48,98,146
5,92,97
6,87,93
18,79,97
63,89,152
71,67,138
2,29,31
4,56,60
0,46,46
62,2,64
88,8,96
27,4,31
43,90,133
92,13,105
58,7,65
28,32,60
98,12,110
78,10,88
28,65,93
8,64,72
69,49,118
67,3,70
72,35,107
63,19,82
38,56,94
8,67,75
16,96,112
38,19,57
68,0,68
85,36,121
14,27,41
11,25,36
80,98,178
85,59,144
17,18,35
16,42,58
11,59,70
84,35,119
32,6,38
21,75,96
20,57,77
91,87,178
33,62,95
15,28,43
1,77,78
0,83,83
82,49,131
32,19,51
32,40,72
31,83,114
43,56,99
73,24,97
7,67,74
69,50,119
87,39,126
17,30,47
38,27,65
97,80,177
55,68,123
71,67,138
87,36,123
79,51,130
12,78,90
76,92,168
43,47,90
81,24,105
63,23,86
24,42,66
2,22,24
71,26,97
75,84,159
83,14,97
80,95,175
46,35,81
81,16,97
62,87,149
4,77,81
62,22,84
72,99,171
12,18,30
54,21,75
87,57,144
85,47,132
82,70,152
1,96,97
94,3,97
85,12,97
33,64,97
91,34,125
98,65,163
2,21,23
40,14,54
5,59,64
47,47,94
96,2,98
74,9,83
7,80,87
58,14,72
95,76,171
68,73,141
17,55,72
55,23,78
47,40,87
19,30,49
77,26,103
41,87,128
62,48,110
50,26,76
8,3,11
59,86,145
72,30,102
16,22,38
35,11,46
89,32,121
70,17,87
52,51,103
88,30,118
19,19,38
99,60,159
62,78,140
19,34,53
56,18,74
61,46,107
50,20,70
37,80,117
13,17,30
52,94,146
97,89,186
46,99,145
29,30,59
71,62,133
16,45,61
23,27,50
21,54,75
10,29,39
98,36,134
28,67,95
10,98,108
43,45,88
58,42,100
86,4,90
70,17,87
65,35,100
30,92,122
72,16,88
43,82,125
99,89,188
48,37,85
52,3,55
83,75,158
4,1,5
37,33,70
74,1,75
21,62,83
76,80,156
77,43,120
28,65,93
46,90,136
81,36,117
9,76,85
30,11,41
47,40,87
39,86,125
65,91,156
75,0,75
15,1,16
52,55,107
36,32,68
27,60,87
27,54,81
54,24,78
21,33,54
56,63,119
81,87,168
13,65,78
38,66,104
18,82,100
78,90,168
65,61,126
37,17,54
93,69,162
98,6,104
26,40,66
39,9,48
97,63,160
23,52,75
73,87,160
95,47,142
15,29,44
64,98,162
62,11,73
8,30,38
6,18,24
30,6,36
82,77,159
80,58,138
61,94,155
20,92,112
38,6,44
34,14,48
14,39,53
59,69,128
91,34,125
92,20,112
49,85,134
25,57,82
10,53,63
97,88,185
32,74,106
32,56,88
77,36,113
68,15,83
40,6,46
94,18,112
99,15,114
11,44,55
53,56,109
76,27,103
74,39,113
63,48,111
15,60,75
73,94,167
58,30,88
99,3,102
78,85,163
26,85,111
3,11,14
30,66,96
5,62,67
32,14,46
45,85,130
10,99,109
87,29,116
6,36,42
44,74,118
58,65,123
41,82,123
96,83,179
37,76,113
57,59,116
37,19,56
33,79,112
66,75,141
19,61,80
99,63,162
91,31,122
7,19,26
28,87,115
59,76,135
99,76,175
60,99,159
77,81,158
30,93,123
42,47,89
18,72,90
33,10,43
47,84,131
12,44,56
22,73,95
13,58,71
68,29,97
29,45,74
95,0,95
94,35,129
22,12,34
89,12,101
17,33,50
33,99,132
25,31,56
13,81,94
90,68,158
90,92,182
25,95,120
42,41,83
28,94,122
26,93,119
18,31,49
80,87,167
47,96,143
99,15,114
16,9,25
75,24,99
76,89,165
2,72,74
56,16,72
26,51,77
6,67,73
60,12,72
24,92,116
23,47,70
78,22,100
38,86,124
97,75,172
92,63,155
27,82,109
83,43,126
2,23,25
22,25,47
52,55,107
76,85,161
7,68,75
94,2,96
17,28,45
73,45,118
1,91,92
51,54,105
43,56,99
25,7,32
60,65,125
2,36,38
66,10,76
7,10,17
24,0,24
4,84,88
62,12,74
16,72,88
94,33,127
25,55,80
87,6,93
53,26,79
82,82,164
94,7,101
26,81,107
27,57,84
7,84,91
1,47,48
64,42,106
76,54,130
20,35,55
26,65,91
91,19,110
31,91,122
8,5,13
95,77,172
21,66,87
76,27,103
49,40,89
53,25,78
60,2,62
21,5,26
88,78,166
36,42,78
28,40,68
68,14,82
57,34,91
66,74,140
76,48,124
66,2,68
12,2,14
17,35,52
99,43,142
34,12,46
31,94,125
18,29,47
51,32,83
79,46,125
21,51,72
75,78,153
80,9,89
58,63,121
63,94,157
19,87,106
61,55,116
34,99,133
64,6,70
61,53,114
36,50,86
11,44,55
21,82,103
72,44,116
84,22,106
80,61,141
31,58,89
63,38,101
73,13,86
42,42,84
93,48,141
60,60,120
73,78,151
37,73,110
72,54,126
86,0,86
30,76,106
45,78,123
69,80,149
54,82,136
27,42,69
92,94,186
48,38,86
47,21,68
30,72,102
77,5,82
10,62,72
32,45,77
71,10,81
82,29,111
62,97,159
31,83,114
18,97,115
12,22,34
53,64,117
27,60,87
55,69,124
47,18,65
24,9,33
77,67,144
44,65,109
81,57,138
13,26,39
26,83,109
24,4,28
90,62,152
49,17,66
66,64,130
13,53,66
49,59,108
14,93,107
49,25,74
83,23,106
13,5,18
40,57,97
27,35,62
60,30,90
96,76,172
27,9,36
69,53,122
15,41,56
81,60,141
30,71,101
81,97,178
98,87,185
15,18,33
69,56,125
89,96,185
54,69,123
75,51,126
72,59,131
1,7,8
26,71,97
93,86,179
79,2,81
68,72,140
37,72,109
59,8,67
91,27,118
80,58,138
2,78,80
43,2,45
28,25,53
28,44,72
90,34,124
2,1,3
68,30,98
23,81,104
63,46,109
34,70,104
67,0,67
89,46,135
90,91,181
89,41,130
80,58,138
60,1,61
27,39,66
8,74,82
97,37,134
3,88,91
31,60,91
12,56,68
96,40,136
70,59,129
76,59,135
26,46,72
53,62,115
7,44,51
60,60,120
80,78,158
24,43,67
29,74,103
12,24,36
55,91,146
0,89,89
43,83,126
53,27,80
18,87,105
13,35,48
82,84,166
68,67,135
34,3,37
93,65,158
42,77,119
89,68,157
8,38,46
74,96,170
52,38,90
72,12,84
55,90,145
96,18,114
11,21,32
90,54,144
79,26,105
72,70,142
63,67,130
87,41,128
43,62,105
55,73,128
82,72,154
43,63,106
81,95,176
69,7,76
15,18,33
24,83,107
85,2,87
54,32,86
29,92,121
47,27,74
90,81,171
7,76,83
9,25,34
85,95,180
23,97,120
84,10,94
86,47,133
82,49,131
24,70,94
13,73,86
76,19,95
16,73,89
22,85,107
82,34,116
26,10,36
22,30,52
76,67,143
79,28,107
84,50,134
38,26,64
62,86,148
59,47,106
45,44,89
7,12,19
78,12,90
46,94,140
67,30,97
65,93,158
57,1,58
1,7,8
78,63,141
71,33,104
33,10,43
92,29,121
29,88,117
53,76,129
67,58,125
24,76,100
47,67,114
81,21,102
88,75,163
55,97,152
86,27,113
7,37,44
3,17,20
24,92,116
96,53,149
70,1,71
77,91,168
9,74,83
23,90,113
47,37,84
0,69,69
51,59,110
5,51,56
41,40,81
24,96,120
34,85,119
17,40,57
40,39,79
15,12,27
29,49,78
54,20,74
28,92,120
89,48,137
73,62,135
75,73,148
20,66,86
92,75,167
87,39,126
12,3,15
32,97,129
68,15,83
76,96,172
40,58,98
89,31,120
81,71,152
68,98,166
33,87,120
45,4,49
81,85,166
91,56,147
82,41,123
96,41,137
57,64,121
92,0,92
92,36,128
61,53,114
67,27,94
21,11,32
85,10,95
85,39,124
97,43,140
96,5,101
42,31,73
46,30,76
24,60,84
31,12,43
40,61,101
81,14,95
27,63,90
66,22,88
55,1,56
20,34,54
51,8,59
49,64,113
63,18,81
52,76,128
59,33,92
24,40,64
36,37,73
76,59,135
47,70,117
31,37,68
85,81,166
27,86,113
34,17,51
76,34,110
25,58,83
89,72,161
86,67,153
63,77,140
58,95,153
90,72,162
66,90,156
28,93,121
74,60,134
8,73,81
95,11,106
72,47,119
35,56,91
84,95,179
19,49,68
90,73,163
86,82,168
68,57,125
67,42,109
6,54,60
83,42,125
30,52,82
95,3,98
52,82,134
12,33,45
87,26,113
9,26,35
93,10,103
68,46,114
53,36,89
60,92,152
29,1,30
43,45,88
48,62,110
23,69,92
12,31,43
91,71,162
34,15,49
9,82,91
89,18,107
77,72,149
51,26,77
83,1,84
12,84,96
25,82,107
56,47,103
20,69,89
50,80,130
43,60,103
70,81,151
61,29,90
17,48,65
55,55,110
73,0,73
94,53,147
77,61,138
11,69,80
58,23,81
46,41,87
28,70,98
74,30,104
17,3,20
76,54,130
10,20,30
9,44,53
77,26,103
15,35,50
33,60,93
0,77,77
14,68,82
46,62,108
16,87,103
32,44,76
67,16,83
65,6,71
72,72,144
44,75,119
64,88,152
94,6,100
72,39,111
65,52,117
17,33,50
35,29,64
43,12,55
11,37,48
63,13,76
94,1,95
50,32,82
53,85,138
71,44,115
32,55,87
53,4,57
77,60,137
89,36,125
56,87,143
13,51,64
34,60,94
11,57,68
99,10,109
13,21,34
81,56,137
85,60,145
69,84,153
85,45,130
88,20,108
97,23,120
68,25,93
35,75,110
20,95,115
9,31,40
97,14,111
38,84,122
88,48,136
6,62,68
59,88,147
76,85,161
65,79,144
74,97,171
79,83,162
94,54,148
84,69,153
12,22,34
60,39,99
12,88,100
62,20,82
41,88,129
0,59,59
41,75,116
16,61,77
23,50,73
19,98,117
84,74,158
21,82,103
18,68,86
85,61,146
29,13,42
21,31,52
78,39,117
53,57,110
34,17,51
7,48,55
23,68,91
55,28,83
88,42,130
49,60,109
71,99,170
64,85,149
72,24,96
82,96,178
13,43,56
1,12,13
50,39,89
82,38,120
72,65,137
88,9,97
13,76,89
22,70,92
2,2,4
43,26,69
98,91,189
56,34,90
69,72,141
34,29,63
91,9,100
80,72,152
2,5,7
91,93,184
22,49,71
88,82,170
60,73,133
78,13,91
7,53,60
19,32,51
18,49,67
56,32,88
70,39,109
76,34,110
68,36,104
22,39,61
68,69,137
18,45,63
31,59,90
97,46,143
5,28,33
26,67,93
10,9,19
72,91,163
71,85,156
38,56,94
37,10,47
32,28,60
40,36,76
49,36,85
46,62,108
69,8,77
63,80,143
57,31,88
97,59,156
9,76,85
20,12,32
42,43,85
32,61,93
80,19,99
25,66,91
10,51,61
23,44,67
17,95,112
4,30,34
93,45,138
19,36,55
56,1,57
20,82,102
17,86,103
81,44,125
77,17,94
89,84,173
10,66,76
14,84,98
96,25,121
36,94,130
34,93,127
14,82,96
46,46,92
88,97,185
39,60,99
90,39,129
40,86,126
72,82,154
13,39,52
74,76,150
31,26,57
41,34,75
64,89,153
84,47,131
71,19,90
0,71,71
63,33,96
44,53,97
62,70,132
59,86,145
19,6,25
11,72,83
92,42,134
33,96,129
6,5,11
89,71,160
39,46,85
78,11,89
96,9,105
34,44,78
31,30,61
55,16,71
19,33,52
20,60,80
80,47,127
34,54,88
92,95,187
58,84,142
12,92,104
9,34,43
36,13,49
2,47,49
56,11,67
51,99,150
31,34,65
20,3,23
88,16,104
4,67,71
77,61,138
64,44,108
60,41,101
90,64,154
58,64,122
26,8,34
8,77,85
84,41,125
53,78,131
20,46,66
19,61,80
78,98,176
40,60,100
92,78,170
49,36,85
24,86,110
97,98,195
65,95,160
88,95,183
17,36,53
38,61,99
94,25,119
66,28,94
19,21,40
86,52,138
26,36,62
8,36,44
83,23,106
12,7,19
8,48,56
69,9,78
13,75,88
85,25,110
96,18,114
21,89,110
14,17,31
87,75,162
55,33,88
19,19,38
31,74,105
88,71,159
97,42,139
8,54,62
70,21,91
11,62,73
25,86,111
8,87,95
49,17,66
87,29,116
12,32,44
13,12,25
12,6,18
45,40,85
80,96,176
65,71,136
0,67,67
40,92,132
63,67,130
48,61,109
24,61,85
55,98,153
77,79,156
39,27,66
2,63,65
50,23,73
92,97,189
91,60,151
92,63,155
85,99,184
0,48,48
34,54,88
52,5,57
40,58,98
52,90,142
57,69,126
22,65,87
31,22,53
92,73,165
69,6,75
75,13,88
68,93,161
75,18,93
68,12,80
56,35,91
58,9,67
89,52,141
58,1,59
0,31,31
19,54,73
93,65,158
18,65,83
61,20,81
29,20,49
97,67,164
97,51,148
13,17,30
20,74,94
32,84,116
3,42,45
57,32,89
28,22,50
35,94,129
67,67,134
74,59,133
33,39,72
10,89,99
36,71,107
70,25,95
84,42,126
20,38,58
38,60,98
53,80,133
55,5,60
87,29,116
36,82,118
9,14,23
77,0,77
50,85,135
65,47,112
52,44,96
30,65,95
29,18,47
18,30,48
81,54,135
88,47,135
79,32,111
0,12,12
23,52,75
98,75,173
30,12,42
19,0,19
47,80,127
82,91,173
26,71,97
90,46,136
12,95,107
31,19,50
32,36,68
78,3,81
3,60,63
11,71,82
82,58,140
78,4,82
49,0,49
17,26,43
18,39,57
28,47,75
33,75,108
7,71,78
92,5,97
1,77,78
12,92,104
78,5,83
29,44,73
55,33,88
65,89,154
10,98,108
36,98,134
68,69,137
36,86,122
46,63,109
37,26,63
58,36,94
83,27,110
79,80,159
69,32,101
14,54,68
52,37,89
73,67,140
17,46,63
52,94,146
5,68,73
19,80,99
10,45,55
98,66,164
36,90,126
25,63,88
18,23,41
56,13,69
85,77,162
81,10,91
77,5,82
99,19,118
62,32,94
68,2,70
77,93,170
77,49,126
84,93,177
65,54,119
78,82,160
7,25,32
89,92,181
18,68,86
11,8,19
4,64,68
35,20,55
9,2,11
23,27,50
49,13,62
28,32,60
12,15,27
0,2,2
9,69,78
3,84,87
29,2,31
90,96,186
34,5,39
37,58,95
63,41,104
58,88,146
21,16,37
18,44,62
47,18,65
5,3,8
85,8,93
31,58,89
80,32,112
20,86,106
85,94,179
56,62,118
38,86,124
95,22,117
43,30,73
65,3,68
28,86,114
34,8,42
79,95,174
15,78,93
96,87,183
58,50,108
13,47,60
81,3,84
75,46,121
68,47,115
22,45,67
87,23,110
49,21,70
20,64,84
98,32,130
2,22,24
3,73,76
33,40,73
92,66,158
4,65,69
68,99,167
63,58,121
34,95,129
46,3,49
89,7,96
88,77,165
93,84,177
59,26,85
18,35,53
7,54,61
58,84,142
22,69,91
88,74,162
38,84,122
10,72,82
29,96,125
85,25,110
88,64,152
71,60,131
47,11,58
21,36,57
4,15,19
28,47,75
66,60,126
47,12,59
5,83,88
32,76,108
68,25,93
46,56,102
13,61,74
34,55,89
20,45,65
57,98,155
89,14,103
5,54,59
35,31,66
19,63,82
27,53,80
52,45,97
7,29,36
56,2,58
77,25,102
43,14,57
63,5,68
21,89,110
72,40,112
37,26,63
63,88,151
91,20,111
23,1,24
17,87,104
68,83,151
8,20,28
67,24,91
49,30,79
78,14,92
5,55,60
81,3,84
55,73,128
12,76,88
43,99,142
7,75,82
78,60,138
43,45,88
30,52,82
45,25,70
44,32,76
46,12,58
28,21,49
87,69,156
48,80,128
63,74,137
35,28,63
88,75,163
11,56,67
70,38,108
31,32,63
62,86,148
6,64,70
13,59,72
56,51,107
50,24,74
94,64,158
49,67,116
37,86,123
10,23,33
68,83,151
26,75,101
92,50,142
12,69,81
97,37,134
60,93,153
41,6,47
13,24,37
63,97,160
22,47,69
86,28,114
24,49,73
26,77,103
38,82,120
69,30,99
68,8,76
23,20,43
71,30,101
23,44,67
60,56,116
2,25,27
2,81,83
54,55,109
12,71,83
37,42,79
82,58,140
6,37,43
12,47,59
42,64,106
23,1,24
1,18,19
7,96,103
35,67,102
50,64,114
47,6,53
77,73,150
8,19,27
10,98,108
19,18,37
14,36,50
12,5,17
77,64,141
39,49,88
19,5,24
65,48,113
18,58,76
7,58,65
85,43,128
67,80,147
52,93,145
16,20,36
83,3,86
47,3,50
90,57,147
97,59,156
86,28,114
1,71,72
37,96,133
30,57,87
15,51,66
30,3,33
48,91,139
87,68,155
10,47,57
72,22,94
26,63,89
80,74,154
5,78,83
3,5,8
27,83,110
15,77,92
58,15,73
73,90,163
80,40,120
84,10,94
11,35,46
56,38,94
99,92,191
86,65,151
57,81,138
89,3,92
95,31,126
2,83,85
76,84,160
33,99,132
97,67,164
22,10,32
74,70,144
94,6,100
84,63,147
91,12,103
65,26,91
98,73,171
35,41,76
63,41,104
89,53,142
74,46,120
72,28,100
90,5,95
79,99,178
44,8,52
39,72,111
89,48,137
22,59,81
35,3,38
12,53,65
26,7,33
11,24,35
28,31,59
95,30,125
6,19,25
86,80,166
36,20,56
52,80,132
57,30,87
50,18,68
40,14,54
53,46,99
59,49,108
48,44,92
68,52,120
12,4,16
84,87,171
61,50,111
99,90,189
50,79,129
81,79,160
44,6,50
69,63,132
22,51,73
32,23,55
76,16,92
66,95,161
98,89,187
75,33,108
66,82,148
4,18,22
89,28,117
17,24,41
0,54,54
48,23,71
47,51,98
88,99,187
28,51,79
75,30,105
83,83,166
59,93,152
44,10,54
23,58,81
63,80,143
95,71,166
8,3,11
70,70,140
91,4,95
70,27,97
47,10,57
53,92,145
83,5,88
21,37,58
22,39,61
83,59,142
29,80,109
96,40,136
93,91,184
63,22,85
80,45,125
35,40,75
30,17,47
27,97,124
46,76,122
26,64,90
12,67,79
1,9,10
25,60,85
57,67,124
94,42,136
79,79,158
94,6,100
60,79,139
65,6,71
68,86,154
97,99,196
64,71,135
20,38,58
58,8,66
60,79,139
70,12,82
7,36,43
84,62,146
55,34,89
37,10,47
0,46,46
52,3,55
65,13,78
73,21,94
70,58,128
9,60,69
58,53,111
84,11,95
26,76,102
41,66,107
90,69,159
94,71,165
50,69,119
97,81,178
40,20,60
52,61,113
7,51,58
27,60,87
23,26,49
82,28,110
29,61,90
66,80,146
82,16,98
41,85,126
79,58,137
72,28,100
47,77,124
78,36,114
15,98,113
57,61,118
64,97,161
24,27,51
13,70,83
80,60,140
49,6,55
22,69,91
16,44,60
75,6,81
61,67,128
38,17,55
28,99,127
42,57,99
89,22,111
38,54,92
30,17,47
31,39,70
82,64,146
97,31,128
52,53,105
94,15,109
58,96,154
26,66,92
24,90,114
30,75,105
89,11,100
13,5,18
24,89,113
20,43,63
72,21,93
65,85,150
45,3,48
32,68,100
93,37,130
0,4,4
54,25,79
26,23,49
84,12,96
91,62,153
30,12,42
67,19,86
65,84,149
10,8,18
53,56,109
43,77,120
80,14,94
94,73,167
11,23,34
63,34,97
17,73,90
68,95,163
78,37,115
78,31,109
56,70,126
45,42,87
74,68,142
98,3,101
12,54,66
95,63,158
49,35,84
87,30,117
26,37,63
10,65,75
10,9,19
31,77,108
6,77,83
7,86,93
21,15,36
52,54,106
59,81,140
23,54,77
2,93,95
52,57,109
84,24,108
12,18,30
23,95,118
21,33,54
46,59,105
47,43,90
64,16,80
57,15,72
45,3,48
83,48,131
46,47,93
21,43,64
42,26,68
42,16,58
81,95,176
74,44,118
23,57,80
79,59,138
52,23,75
49,51,100
51,13,64
24,99,123
15,36,51
23,65,88
0,93,93
2,68,70
6,64,70
55,37,92
42,92,134
98,94,192
78,43,121
20,94,114
68,85,153
96,47,143
75,78,153
66,68,134
32,99,131
57,89,146
44,93,137
81,98,179
67,30,97
75,64,139
51,87,138
3,58,61
1,8,9
48,99,147
62,73,135
73,6,79
21,93,114
60,61,121
39,36,75
37,26,63
66,60,126
63,99,162
53,73,126
67,31,98
30,27,57
44,88,132
87,50,137
15,46,61
85,39,124
40,69,109
87,82,169
91,53,144
67,65,132
5,81,86
84,24,108
83,63,146
12,68,80
83,62,145
72,11,83
76,0,76
96,86,182
97,55,152
0,55,55
55,32,87
18,94,112
6,5,11
5,99,104
15,4,19
56,98,154
72,30,102
2,92,94
26,53,79
90,86,176
43,14,57
48,3,51
23,40,63
56,38,94
26,11,37
52,56,108
92,2,94
71,55,126
17,69,86
75,62,137
8,19,27
21,70,91
7,16,23
60,36,96
44,9,53
28,13,41
9,6,15
24,69,93
37,45,82
17,5,22
47,94,141
35,40,75
60,68,128
71,98,169
39,20,59
73,63,136
22,42,64
7,13,20
20,43,63
51,56,107
23,5,28
51,71,122
30,45,75
14,15,29
61,52,113
91,48,139
91,52,143
19,37,56
49,43,92
61,89,150
74,75,149
62,12,74
17,43,60
37,25,62
95,93,188
21,46,67
35,23,58
14,36,50
67,71,138
10,9,19
59,43,102
59,64,123
84,66,150
85,97,182
73,10,83
64,62,126
52,85,137
39,93,132
91,75,166
73,85,158
45,39,84
30,84,114
59,66,125
44,47,91
63,1,64
48,75,123
44,21,65
48,52,100
64,72,136
54,40,94
75,58,133
51,55,106
51,33,84
87,94,181
40,68,108
98,75,173
26,95,121
22,39,61
56,27,83
64,71,135
73,52,125
79,42,121
37,85,122
50,91,141
90,36,126
39,60,99
7,42,49
90,92,182
58,2,60
85,2,87
86,82,168
27,51,78
27,27,54
23,34,57
31,99,130
33,40,73
28,34,62
93,18,111
68,30,98
70,77,147
25,37,62
20,75,95
45,1,46
96,89,185
15,57,72
22,40,62
4,32,36
58,6,64
32,77,109
42,72,114
32,75,107
15,37,52
5,21,26
2,7,9
5,12,17
92,19,111
21,35,56
26,60,86
81,38,119
28,71,99
14,47,61
12,58,70
83,77,160
87,91,178
50,94,144
52,32,84
88,92,180
6,1,7
98,29,127
25,43,68
86,59,145
18,8,26
50,88,138
70,14,84
49,1,50
31,65,96
54,42,96
46,56,102
8,86,94
51,75,126
44,89,133
91,25,116
59,78,137
0,9,9
19,21,40
15,86,101
10,41,51
3,46,49
94,78,172
34,7,41
71,39,110
84,81,165
44,78,122
22,28,50
5,26,31
9,14,23
96,59,155
51,6,57
73,85,158
96,86,182
24,62,86
86,74,160
22,25,47
50,29,79
71,1,72
25,66,91
89,6,95
5,49,54
23,18,41
99,57,156
68,41,109
2,90,92
66,41,107
91,67,158
85,70,155
52,0,52
46,47,93
56,8,64
58,46,104
34,56,90
77,72,149
50,44,94
34,11,45
54,34,88
81,39,120
16,33,49
49,27,76
91,56,147
27,47,74
97,16,113
34,81,115
82,8,90
42,68,110
25,86,111
52,69,121
91,80,171
16,20,36
36,83,119
98,2,100
12,38,50
42,32,74
95,24,119
44,86,130
18,29,47
55,56,111
34,75,109
7,71,78
42,23,65
58,9,67
17,14,31
37,53,90
82,38,120
42,0,42
56,30,86
98,57,155
17,29,46
60,69,129
9,24,33
87,68,155
98,15,113
63,17,80
67,9,76
12,58,70
4,27,31
13,95,108
74,29,103
4,35,39
41,90,131
13,47,60
74,13,87
9,20,29
21,8,29
12,13,25
45,34,79
9,33,42
1,75,76
19,92,111
82,60,142
3,52,55
28,95,123
69,45,114
65,86,151
40,77,117
45,79,124
29,25,54
65,41,106
5,44,49
35,92,127
19,38,57
27,93,120
96,88,184
6,69,75
72,9,81
7,17,24
43,85,128
60,50,110
40,55,95
7,58,65
5,86,91
89,15,104
17,44,61
82,88,170
21,97,118
24,57,81
17,30,47
54,60,114
32,2,34
14,86,100
59,61,120
47,36,83
30,99,129
1,53,54
47,1,48
36,28,64
5,46,51
79,80,159
65,88,153
27,13,40
66,61,127
67,93,160
87,82,169
29,95,124
75,57,132
53,57,110
26,82,108
69,86,155
92,37,129
80,15,95
39,28,67
78,14,92
14,76,90
54,92,146
48,40,88
73,6,79
40,24,64
72,27,99
59,83,142
99,82,181
45,92,137
67,78,145
33,97,130
76,26,102
85,32,117
99,21,120
49,95,144
69,4,73
37,69,106
59,80,139
33,54,87
56,11,67
27,88,115
99,67,166
15,96,111
56,65,121
10,80,90
28,86,114
57,54,111
75,29,104
7,51,58
84,65,149
82,90,172
74,3,77
10,36,46
90,19,109