value_1,value_2,result
31,53,-22
18,2,16
31,99,-68
72,0,72
51,84,-33
78,19,59
71,44,27
14,30,-16
76,86,-10
96,80,16
21,36,-15
37,6,31
51,9,42
65,36,29
62,62,0
79,36,43
28,78,-50
96,52,44
72,42,30
55,85,-30
21,81,-60
82,3,79
53,61,-8
72,70,2
77,0,77
32,72,-40
27,73,-46
53,75,-22
13,40,-27
91,36,55
12,2,10
93,6,87
43,34,9
49,46,3
10,43,-33
18,38,-20
43,49,-6
43,57,-14
91,3,88
19,59,-40
63,74,-11
96,12,84
67,94,-27
43,90,-47
21,37,-16
74,17,57
11,51,-40
80,68,12
0,79,-79
47,6,41
51,39,12
67,52,15
95,51,44
2,33,-31
78,16,62
88,36,52
41,3,38
3,34,-31
65,18,47
47,0,47
24,45,-21
58,11,47
23,31,-8
87,1,86
67,78,-11
14,35,-21
92,70,22
95,13,82
3,82,-79
88,48,40
61,93,-32
28,49,-21
93,6,87
83,82,1
5,53,-48
84,58,26
37,17,20
9,8,1
7,9,-2
59,63,-4
89,5,84
59,83,-24
26,12,14
37,23,14
39,36,3
47,68,-21
18,31,-13
45,35,10
87,80,7
26,42,-16
39,66,-27
8,93,-85
41,41,0
2,27,-25
63,67,-4
69,19,50
64,89,-25
24,27,-3
77,51,26
31,65,-34
1,14,-13
91,67,24
27,64,-37
99,22,77
49,98,-49
19,95,-76
46,23,23
41,98,-57
24,27,-3
53,70,-17
10,3,7
85,24,61
75,79,-4
25,35,-10
77,78,-1
54,33,21
83,89,-6
59,18,41
99,0,99
77,21,56
4,68,-64
95,93,2
84,19,65
72,8,64
34,35,-1
15,86,-71
92,74,18
49,74,-25
29,52,-23
41,88,-47
53,18,35
40,55,-15
21,70,-49
50,10,40
23,31,-8
87,97,-10
1,49,-48
15,26,-11
92,56,36
14,80,-66
28,86,-58
45,57,-12
74,34,40
84,5,79
11,88,-77
84,87,-3
18,55,-37
69,17,52
4,20,-16
14,15,-1
9,21,-12
55,89,-34
92,56,36
94,80,14
84,75,9
5,49,-44
70,86,-16
27,72,-45
35,94,-59
5,8,-3
0,18,-18
57,52,5
87,50,37
88,24,64
76,37,39
70,72,-2
16,99,-83
11,48,-37
52,81,-29
7,86,-79
20,44,-24
7,79,-72
33,76,-43
76,0,76
47,75,-28
43,51,-8
92,64,28
90,2,88
9,21,-12
19,43,-24
43,86,-43
20,23,-3
1,94,-93
73,3,70
9,5,4
17,64,-47
4,33,-29
67,0,67
71,75,-4
77,35,42
45,41,4
97,72,25
94,21,73
78,42,36
75,48,27
73,79,-6
61,87,-26
0,41,-41
35,90,-55
37,72,-35
18,72,-54
68,99,-31
45,1,44
22,11,11
82,76,6
37,1,36
66,41,25
70,6,64
8,76,-68
31,87,-56
1,31,-30
47,63,-16
66,28,38
21,66,-45
5,55,-50
3,42,-39
84,76,8
20,96,-76
26,27,-1
24,58,-34
58,29,29
7,25,-18
66,34,32
16,79,-63
60,92,-32
88,42,46
19,36,-17
10,91,-81
89,21,68
10,8,2
23,73,-50
99,57,42
21,21,0
50,23,27
46,16,30
34,82,-48
49,79,-30
68,35,33
89,9,80
70,91,-21
97,47,50
53,53,0
4,0,4
29,38,-9
46,82,-36
38,69,-31
17,57,-40
29,29,0
17,40,-23
7,60,-53
79,54,25
84,82,2
30,28,2
66,32,34
7,35,-28
43,37,6
81,7,74
45,4,41
67,63,4
50,23,27
91,92,-1
72,84,-12
47,98,-51
22,47,-25
19,5,14
75,19,56
73,60,13
90,44,46
40,35,5
93,91,2
78,65,13
9,27,-18
97,81,16
65,58,7
0,17,-17
24,19,5
89,13,76
83,8,75
78,22,56
7,65,-58
68,49,19
40,29,11
41,41,0
22,60,-38
43,6,37
93,4,89
97,67,30
6,68,-62
25,12,13
30,98,-68
20,30,-10
19,26,-7
17,9,8
44,58,-14
93,44,49
85,85,0
14,41,-27
45,95,-50
42,67,-25
7,18,-11
10,41,-31
47,85,-38
65,43,22
60,99,-39
84,21,63
85,22,63
75,38,37
34,67,-33
24,7,17
35,23,12
46,46,0
48,29,19
29,43,-14
80,47,33
96,41,55
65,0,65
33,26,7
44,2,42
46,6,40
63,14,49
7,29,-22
34,91,-57
18,28,-10
56,85,-29
62,14,48
22,52,-30
21,40,-19
73,69,4
1,72,-71
79,72,7
40,25,15
41,56,-15
10,71,-61
48,84,-36
30,24,6
54,69,-15
80,48,32
18,14,4
50,96,-46
24,26,-2
48,28,20
26,29,-3
91,22,69
37,8,29
74,51,23
32,95,-63
48,51,-3
7,88,-81
30,20,10
97,45,52
32,73,-41
97,23,74
32,59,-27
16,38,-22
74,39,35
43,63,-20
95,33,62
13,55,-42
34,53,-19
64,22,42
38,99,-61
91,94,-3
62,3,59
18,53,-35
39,94,-55
96,96,0
11,55,-44
50,93,-43
3,74,-71
87,84,3
93,20,73
88,39,49
55,20,35
91,99,-8
43,57,-14
86,98,-12
36,20,16
87,87,0
68,92,-24
24,83,-59
9,99,-90
55,41,14
23,49,-26
4,46,-42
22,25,-3
18,25,-7
49,40,9
87,17,70
3,39,-36
45,80,-35
38,10,28
9,84,-75
33,68,-35
30,13,17
75,79,-4
60,14,46
88,65,23
47,64,-17
96,62,34
90,71,19
11,1,10
97,78,19
10,88,-78
61,60,1
67,59,8
60,23,37
67,56,11
25,2,23
59,83,-24
39,11,28
35,1,34
45,53,-8
24,52,-28
44,6,38
33,9,24
29,39,-10
48,59,-11
28,72,-44
96,40,56
87,58,29
81,34,47
95,4,91
37,10,27
26,90,-64
11,99,-88
23,1,22
23,86,-63
78,76,2
90,57,33
84,33,51
51,13,38
83,92,-9
57,95,-38
15,52,-37
58,57,1
1,84,-83
6,52,-46
32,21,11
76,69,7
29,43,-14
76,37,39
91,79,12
80,43,37
95,31,64
75,31,44
67,46,21
43,2,41
95,4,91
72,71,1
97,4,93
14,44,-30
47,19,28
24,87,-63
37,99,-62
30,98,-68
4,91,-87
47,99,-52
1,1,0
16,13,3
83,18,65
69,1,68
33,63,-30
2,25,-23
72,23,49
76,19,57
52,31,21
11,28,-17
36,44,-8
33,25,8
53,21,32
40,41,-1
98,50,48
34,34,0
95,3,92
50,31,19
48,15,33
11,46,-35
18,3,15
15,61,-46
27,75,-48
19,69,-50
53,13,40
20,83,-63
31,42,-11
73,1,72
85,34,51
16,87,-71
28,6,22
7,1,6
98,78,20
72,83,-11
12,61,-49
44,82,-38
61,71,-10
85,59,26
13,24,-11
60,75,-15
6,13,-7
50,52,-2
6,28,-22
12,23,-11
37,50,-13
53,65,-12
99,96,3
74,85,-11
35,12,23
58,35,23
33,64,-31
74,98,-24
66,31,35
85,33,52
77,34,43
1,42,-41
6,46,-40
25,92,-67
13,45,-32
56,82,-26
80,34,46
26,17,9
56,39,17
39,21,18
65,61,4
80,47,33
8,49,-41
41,2,39
32,62,-30
68,45,23
59,18,41
88,68,20
17,26,-9
69,48,21
71,51,20
86,25,61
71,59,12
32,74,-42
30,40,-10
89,52,37
81,12,69
46,16,30
68,99,-31
5,26,-21
77,34,43
10,86,-76
4,44,-40
94,78,16
54,44,10
33,76,-43
3,27,-24
74,61,13
26,70,-44
80,37,43
59,56,3
83,10,73
68,41,27
60,26,34
67,72,-5
79,10,69
23,78,-55
95,15,80
42,41,1
11,77,-66
12,13,-1
81,51,30
94,97,-3
41,66,-25
23,69,-46
48,58,-10
27,88,-61
19,64,-45
60,17,43
94,94,0
55,26,29
38,95,-57
51,91,-40
15,70,-55
74,94,-20
25,45,-20
60,24,36
52,49,3
50,85,-35
12,33,-21
70,39,31
26,63,-37
70,99,-29
63,78,-15
57,26,31
89,23,66
22,52,-30
5,5,0
47,25,22
51,68,-17
56,33,23
70,72,-2
81,80,1
75,49,26
40,31,9
31,37,-6
58,61,-3
7,70,-63
22,94,-72
7,46,-39
66,0,66
74,62,12
40,79,-39
29,36,-7
19,1,18
97,12,85
1,93,-92
91,97,-6
45,88,-43
97,77,20
42,3,39
90,38,52
71,43,28
77,80,-3
2,20,-18
17,56,-39
62,36,26
30,44,-14
44,71,-27
88,50,38
75,64,11
43,18,25
16,97,-81
13,78,-65
46,99,-53
70,42,28
85,43,42
81,41,40
68,4,64
84,16,68
25,42,-17
49,50,-1
13,12,1
43,39,4
72,6,66
83,30,53
49,7,42
87,60,27
19,74,-55
23,17,6
35,20,15
69,91,-22
9,73,-64
3,11,-8
26,4,22
96,45,51
85,21,64
8,91,-83
60,46,14
88,6,82
79,44,35
57,3,54
61,98,-37
9,46,-37
16,48,-32
68,40,28
99,36,63
82,60,22
72,18,54
58,16,42
86,49,37
67,99,-32
41,96,-55
84,95,-11
36,74,-38
63,44,19
80,25,55
62,80,-18
38,63,-25
67,21,46
17,40,-23
53,84,-31
95,27,68
17,57,-40
40,70,-30
18,84,-66
34,89,-55
47,0,47
32,56,-24
10,16,-6
33,22,11
90,9,81
3,74,-71
42,64,-22
94,37,57
91,83,8
48,45,3
54,79,-25
92,61,31
39,37,2
42,7,35
56,13,43
11,29,-18
57,0,57
44,8,36
79,8,71
89,12,77
53,39,14
62,87,-25
86,26,60
11,25,-14
82,95,-13
33,19,14
89,24,65
77,78,-1
66,68,-2
74,55,19
39,77,-38
43,40,3
18,44,-26
33,92,-59
42,37,5
93,72,21
76,26,50
11,64,-53
78,84,-6
41,47,-6
51,59,-8
82,51,31
78,64,14
32,88,-56
40,59,-19
43,35,8
60,53,7
68,5,63
1,35,-34
9,67,-58
74,7,67
42,44,-2
42,27,15
80,56,24
42,14,28
65,19,46
73,76,-3
95,88,7
89,67,22
4,75,-71
89,26,63
33,31,2
67,19,48
20,58,-38
27,35,-8
6,12,-6
87,80,7
89,8,81
62,54,8
47,79,-32
52,85,-33
93,67,26
9,5,4
30,18,12
25,50,-25
95,32,63
9,71,-62
69,30,39
26,11,15
35,87,-52
29,38,-9
28,43,-15
34,11,23
23,39,-16
57,50,7
54,39,15
35,21,14
44,64,-20
15,25,-10
1,66,-65
83,70,13
45,67,-22
20,12,8
79,30,49
9,38,-29
41,64,-23
95,31,64
55,33,22
16,56,-40
78,5,73
33,91,-58
3,39,-36
19,79,-60
97,75,22
23,40,-17
75,33,42
17,96,-79
19,51,-32
62,10,52
89,76,13
36,75,-39
12,29,-17
22,21,1
60,37,23
34,73,-39
84,75,9
44,2,42
75,9,66
12,22,-10
69,43,26
75,58,17
50,48,2
62,83,-21
90,20,70
10,1,9
8,48,-40
43,84,-41
44,76,-32
48,9,39
83,26,57
63,6,57
19,30,-11
18,15,3
17,88,-71
44,89,-45
18,73,-55
84,4,80
32,12,20
60,6,54
41,21,20
35,46,-11
28,3,25
7,2,5
73,28,45
36,44,-8
73,56,17
62,94,-32
5,77,-72
30,14,16
84,3,81
52,10,42
22,43,-21
33,86,-53
57,3,54
14,46,-32
44,21,23
17,23,-6
16,71,-55
6,49,-43
10,63,-53
12,61,-49
75,79,-4
51,93,-42
55,44,11
35,73,-38
99,9,90
39,44,-5
9,30,-21
45,56,-11
70,62,8
68,66,2
82,79,3
79,43,36
30,83,-53
30,8,22
18,75,-57
27,66,-39
78,40,38
6,53,-47
30,24,6
39,70,-31
84,66,18
45,88,-43
82,95,-13
76,37,39
25,47,-22
88,80,8
21,50,-29
54,50,4
36,29,7
93,85,8
10,90,-80
64,0,64
81,74,7
65,96,-31
76,37,39
90,39,51
58,40,18
81,92,-11
33,2,31
6,28,-22
40,53,-13
12,17,-5
30,24,6
46,58,-12
14,80,-66
16,35,-19
13,81,-68
14,73,-59
5,64,-59
70,65,5
2,1,1
71,45,26
90,94,-4
81,49,32
19,67,-48
27,66,-39
2,1,1
92,70,22
58,65,-7
58,55,3
90,40,50
52,26,26
34,44,-10
37,35,2
25,38,-13
40,49,-9
50,55,-5
58,5,53
52,58,-6
40,21,19
36,47,-11
67,76,-9
65,43,22
60,77,-17
26,93,-67
0,1,-1
30,42,-12
66,78,-12
5,66,-61
14,14,0
18,28,-10
76,29,47
37,81,-44
66,49,17
37,65,-28
95,25,70
33,28,5
60,58,2
89,16,73
74,69,5
27,42,-15
39,12,27
94,94,0
19,96,-77
65,83,-18
66,88,-22
6,56,-50
65,53,12
17,35,-18
91,31,60
39,83,-44
88,45,43
66,41,25
80,15,65
12,56,-44
89,88,1
79,86,-7
67,58,9
3,13,-10
45,94,-49
97,29,68
92,57,35
7,3,4
85,87,-2
13,96,-83
87,48,39
65,92,-27
92,19,73
77,98,-21
1,98,-97
58,27,31
87,1,86
24,75,-51
0,12,-12
79,43,36
82,93,-11
64,55,9
49,96,-47
16,86,-70
8,23,-15
33,91,-58
3,82,-79
65,74,-9
77,8,69
16,11,5
2,68,-66
26,35,-9
0,9,-9
75,53,22
21,81,-60
51,45,6
95,25,70
50,90,-40
69,90,-21
98,62,36
81,18,63
23,45,-22
44,5,39
78,74,4
52,98,-46
62,91,-29
58,65,-7
37,85,-48
16,23,-7
25,95,-70
46,11,35
5,36,-31
34,73,-39
88,28,60
11,71,-60
42,45,-3
40,70,-30
94,8,86
66,86,-20
59,64,-5
43,77,-34
26,60,-34
34,76,-42
91,27,64
1,46,-45
11,15,-4
82,29,53
96,37,59
16,95,-79
87,81,6
74,48,26
45,67,-22
83,42,41
30,81,-51
31,43,-12
8,34,-26
43,85,-42
62,16,46
93,24,69
92,83,9
10,65,-55
23,41,-18
29,25,4
2,30,-28
2,95,-93
82,2,80
57,48,9
82,53,29
73,40,33
95,60,35
46,24,22
16,13,3
76,75,1
99,60,39
83,3,80
10,59,-49
89,84,5
4,22,-18
23,96,-73
64,7,57
99,56,43
42,33,9
89,80,9
42,15,27
21,22,-1
24,67,-43
52,39,13
41,11,30
1,86,-85
63,48,15
31,84,-53
81,93,-12
1,10,-9
64,94,-30
94,63,31
53,70,-17
62,26,36
33,75,-42
50,1,49
8,14,-6
39,97,-58
66,26,40
80,32,48
92,71,21
72,88,-16
26,49,-23
18,47,-29
76,56,20
37,10,27
33,46,-13
11,60,-49
96,94,2
52,50,2
26,93,-67
49,59,-10
27,55,-28
64,3,61
15,0,15
63,48,15
19,79,-60
88,92,-4
7,75,-68
18,92,-74
70,37,33
50,29,21
98,10,88
8,97,-89
21,26,-5
34,57,-23
64,70,-6
51,92,-41
64,33,31
23,15,8
73,95,-22
78,63,15
68,9,59
34,72,-38
27,7,20
70,69,1
72,76,-4
65,95,-30
25,43,-18
53,76,-23
93,83,10
82,17,65
47,42,5
66,96,-30
54,87,-33
60,4,56
37,13,24
36,79,-43
41,43,-2
70,77,-7
6,57,-51
22,86,-64
78,49,29
91,37,54
61,48,13
67,36,31
74,51,23
21,12,9
70,89,-19
87,71,16
88,53,35
31,15,16
9,27,-18
96,57,39
27,22,5
61,46,15
64,28,36
80,84,-4
72,48,24
38,62,-24
4,75,-71
61,87,-26
47,91,-44
3,37,-34
69,82,-13
64,7,57
88,21,67
88,0,88
32,51,-19
43,42,1
1,15,-14
88,20,68
37,55,-18
97,21,76
3,80,-77
36,33,3
71,68,3
82,64,18
76,72,4
83,76,7
1,60,-59
3,60,-57
88,89,-1
22,99,-77
22,20,2
26,59,-33
77,42,35
15,4,11
24,50,-26
89,32,57
61,86,-25
60,56,4
36,82,-46
6,75,-69
60,96,-36
15,0,15
17,3,14
34,1,33
4,28,-24
89,86,3
28,30,-2
85,28,57
89,66,23
94,18,76
66,42,24
57,90,-33
51,83,-32
5,81,-76
52,98,-46
26,31,-5
79,76,3
46,78,-32
37,98,-61
48,76,-28
29,32,-3
33,3,30
5,25,-20
66,67,-1
62,40,22
20,84,-64
74,3,71
99,82,17
65,19,46
78,71,7
7,10,-3
84,22,62
69,1,68
33,16,17
17,55,-38
82,18,64
25,27,-2
58,79,-21
39,7,32
36,48,-12
14,41,-27
33,88,-55
28,63,-35
7,5,2
98,5,93
61,7,54
27,23,4
51,49,2
35,34,1
94,71,23
71,32,39
65,28,37
42,51,-9
10,94,-84
33,13,20
60,47,13
7,43,-36
9,99,-90
90,44,46
46,74,-28
35,21,14
51,79,-28
69,32,37
34,68,-34
77,70,7
62,87,-25
68,71,-3
18,59,-41
30,71,-41
47,94,-47
48,34,14
7,38,-31
12,18,-6
4,42,-38
66,51,15
51,19,32
26,98,-72
3,95,-92
67,52,15
60,49,11
21,69,-48
20,21,-1
69,48,21
71,10,61
41,63,-22
1,18,-17
43,58,-15
8,24,-16
91,6,85
1,13,-12
14,65,-51
63,97,-34
26,91,-65
65,14,51
11,0,11
96,10,86
92,20,72
61,99,-38
68,59,9
42,19,23
62,47,15
56,79,-23
42,52,-10
86,95,-9
19,45,-26
9,74,-65
68,1,67
76,28,48
55,26,29
57,65,-8
98,56,42
31,60,-29
10,80,-70
62,78,-16
68,51,17
81,59,22
98,17,81
87,83,4
24,19,5
37,95,-58
52,34,18
69,38,31
83,40,43
46,11,35
87,35,52
30,26,4
96,46,50
27,80,-53
75,37,38
53,14,39
15,9,6
57,70,-13
13,81,-68
5,11,-6
83,78,5
49,3,46
97,37,60
14,31,-17
64,38,26
88,74,14
17,15,2
41,50,-9
64,47,17
31,28,3
36,39,-3
72,2,70
91,30,61
29,55,-26
19,32,-13
97,15,82
26,99,-73
6,78,-72
2,13,-11
72,28,44
39,72,-33
24,88,-64
98,2,96
2,52,-50
76,35,41
85,57,28
7,84,-77
97,37,60
52,66,-14
35,56,-21
32,60,-28
80,76,4
27,45,-18
55,34,21
89,84,5
94,70,24
73,88,-15
70,20,50
36,95,-59
38,6,32
77,1,76
64,63,1
72,93,-21
47,46,1
0,32,-32
93,75,18
41,12,29
77,36,41
78,4,74
6,84,-78
71,29,42
63,20,43
0,29,-29
75,65,10
13,60,-47
19,15,4
45,78,-33
83,95,-12
95,4,91
66,83,-17
55,32,23
7,72,-65
16,88,-72
25,48,-23
56,83,-27
74,51,23
19,17,2
90,14,76
56,11,45
48,27,21
82,59,23
79,44,35
73,79,-6
74,44,30
96,76,20
67,22,45
32,70,-38
0,54,-54
73,23,50
66,49,17
27,26,1
15,84,-69
29,97,-68
64,27,37
76,78,-2
57,13,44
20,39,-19
99,0,99
96,81,15
68,23,45
97,64,33
12,74,-62
84,60,24
86,60,26
93,14,79
44,98,-54
18,72,-54
98,11,87
50,58,-8
82,38,44
21,69,-48
91,6,85
26,31,-5
60,59,1
82,37,45
0,60,-60
26,85,-59
8,8,0
64,2,62
53,78,-25
99,24,75
29,90,-61
23,39,-16
39,74,-35
52,75,-23
65,19,46
42,20,22
22,2,20
89,16,73
35,71,-36
61,4,57
48,62,-14
26,57,-31
42,9,33
33,16,17
94,80,14
51,20,31
51,80,-29
91,16,75
50,98,-48
73,21,52
35,4,31
31,85,-54
75,30,45
71,50,21
76,26,50
40,20,20
19,27,-8
49,32,17
56,7,49
83,77,6
84,26,58
27,2,25
15,49,-34
39,36,3
57,49,8
23,86,-63
29,35,-6
85,23,62
62,11,51
60,0,60
66,81,-15
79,79,0
27,1,26
63,69,-6
17,17,0
23,69,-46
56,13,43
60,96,-36
18,82,-64
21,62,-41
53,9,44
17,63,-46
72,68,4
22,15,7
42,36,6
97,87,10
0,68,-68
45,41,4
20,10,10
60,75,-15
39,10,29
53,38,15
69,3,66
54,50,4
87,65,22
4,65,-61
98,66,32
87,42,45
81,9,72
45,2,43
69,36,33
98,40,58
21,29,-8
27,17,10
88,83,5
91,8,83
30,28,2
34,84,-50
42,99,-57
3,52,-49
35,50,-15
28,86,-58
15,21,-6
89,24,65
95,24,71
17,4,13
10,96,-86
58,52,6
38,33,5
4,37,-33
58,54,4
94,90,4
4,40,-36
34,81,-47
29,42,-13
95,85,10
65,51,14
51,85,-34
27,54,-27
39,63,-24
4,0,4
81,73,8
26,85,-59
14,7,7
93,60,33
34,52,-18
67,70,-3
81,24,57
51,71,-20
28,3,25
12,99,-87
75,82,-7
8,48,-40
9,33,-24
80,79,1
93,37,56
51,42,9
95,98,-3
89,29,60
85,1,84
56,33,23
87,72,15
39,64,-25
61,6,55
30,70,-40
64,1,63
94,75,19
89,79,10
74,69,5
32,84,-52
4,76,-72
25,75,-50
29,9,20
38,74,-36
15,35,-20
55,24,31
58,40,18
31,43,-12
13,52,-39
3,88,-85
21,45,-24
57,1,56
45,60,-15
96,83,13
79,14,65
8,72,-64
2,90,-88
31,29,2
85,23,62
82,7,75
5,37,-32
5,16,-11
60,25,35
50,32,18
2,57,-55
34,15,19
22,70,-48
9,97,-88
78,26,52
45,91,-46
82,45,37
32,75,-43
98,36,62
28,65,-37
45,62,-17
93,67,26
25,64,-39
90,63,27
66,2,64
3,62,-59
42,84,-42
29,81,-52
78,90,-12
86,46,40
90,31,59
88,99,-11
95,62,33
44,58,-14
55,35,20
85,62,23
38,41,-3
11,8,3
76,32,44
48,20,28
96,31,65
79,34,45
26,80,-54
86,78,8
89,95,-6
6,45,-39
21,93,-72
33,56,-23
42,58,-16
2,19,-17
34,86,-52
92,52,40
18,88,-70
3,62,-59
95,34,61
72,12,60
2,61,-59
48,3,45
34,58,-24
1,76,-75
13,87,-74
38,86,-48
40,14,26
43,62,-19
77,39,38
0,58,-58
45,27,18
76,92,-16
21,63,-42
8,44,-36
27,20,7
47,82,-35
20,42,-22
48,83,-35
26,4,22
24,42,-18
70,28,42
6,10,-4
37,45,-8
10,27,-17
96,4,92
3,28,-25
72,35,37
58,56,2
82,78,4
87,0,87
64,68,-4
97,96,1
85,77,8
7,53,-46
41,86,-45
43,52,-9
99,99,0
55,68,-13
89,47,42
76,96,-20
59,15,44
89,88,1
8,99,-91
80,84,-4
39,32,7
59,74,-15
45,79,-34
39,63,-24
4,44,-40
42,37,5
83,94,-11
23,92,-69
82,36,46
36,52,-16
98,28,70
49,28,21
8,31,-23
35,74,-39
99,32,67
44,71,-27
53,7,46
5,27,-22
66,77,-11
24,20,4
97,9,88
74,60,14
95,64,31
63,14,49
82,41,41
38,24,14
9,15,-6
65,32,33
80,63,17
2,26,-24
28,89,-61
93,38,55
23,12,11
11,45,-34
10,61,-51
55,56,-1
52,38,14
7,45,-38
61,14,47
14,54,-40
27,37,-10
88,88,0
34,76,-42
11,28,-17
42,52,-10
86,60,26
19,68,-49
2,53,-51
78,1,77
44,89,-45
77,62,15
66,83,-17
33,14,19
68,70,-2
53,59,-6
23,6,17
81,9,72
84,21,63
66,93,-27
29,5,24
97,46,51
96,72,24
35,99,-64
11,23,-12
33,90,-57
30,67,-37
28,97,-69
64,10,54
99,90,9
78,44,34
84,87,-3
19,88,-69
4,98,-94
84,87,-3
68,35,33
83,16,67
41,25,16
11,69,-58
77,12,65
84,71,13
41,60,-19
80,89,-9
84,62,22
91,28,63
23,6,17
26,58,-32
82,51,31
53,72,-19
40,17,23
95,18,77
5,29,-24
90,18,72
94,62,32
22,90,-68
38,65,-27
9,85,-76
29,56,-27
64,42,22
30,70,-40
15,0,15
68,6,62
86,44,42
97,8,89
50,78,-28
26,79,-53
24,10,14
14,62,-48
8,68,-60
59,89,-30
78,30,48
48,75,-27
3,93,-90
69,44,25
16,63,-47
78,98,-20
21,9,12
13,56,-43
70,51,19
82,62,20
28,29,-1
96,78,18
44,14,30
0,77,-77
99,24,75
99,38,61
99,93,6
7,94,-87
70,60,10
37,82,-45
37,48,-11
3,82,-79
8,2,6
16,75,-59
76,50,26
14,7,7
11,22,-11
60,79,-19
36,56,-20
5,31,-26
69,50,19
61,3,58
56,0,56
93,69,24
22,91,-69
47,58,-11
40,76,-36
15,56,-41
82,72,10
39,20,19
88,14,74
71,89,-18
26,97,-71
84,28,56
21,65,-44
22,29,-7
53,28,25
46,3,43
90,60,30
28,69,-41
58,86,-28
2,16,-14
57,88,-31
89,59,30
86,43,43
0,24,-24
48,14,34
31,40,-9
58,71,-13
85,75,10
10,14,-4
3,65,-62
10,50,-40
46,72,-26
39,22,17
6,44,-38
54,74,-20
50,35,15
31,9,22
84,73,11
74,65,9
44,49,-5
64,44,20
58,50,8
3,76,-73
54,55,-1
3,9,-6
58,13,45
65,21,44
14,65,-51
48,25,23
93,62,31
84,45,39
35,36,-1
77,77,0
76,97,-21
84,17,67
65,33,32
77,13,64
99,71,28
64,76,-12
56,48,8
97,68,29
97,42,55
56,38,18
1,75,-74
16,17,-1
85,22,63
58,99,-41
34,54,-20
16,28,-12
42,81,-39
76,21,55
30,72,-42
11,63,-52
98,86,12
82,47,35
30,11,19
23,27,-4
23,55,-32
68,81,-13
99,78,21
26,77,-51
7,3,4
62,75,-13
93,29,64
35,66,-31
3,48,-45
12,33,-21
55,65,-10
28,61,-33
41,10,31
86,32,54
59,85,-26
38,78,-40
27,34,-7
37,4,33
85,29,56
59,32,27
34,41,-7
81,14,67
22,45,-23
61,99,-38
8,48,-40
1,21,-20
30,36,-6
30,31,-1
53,89,-36
62,72,-10
12,39,-27
95,74,21
31,55,-24
13,95,-82
9,80,-71
78,61,17
25,34,-9
63,97,-34
81,47,34
87,3,84
72,1,71
67,77,-10
45,18,27
85,44,41
83,75,8
28,47,-19
4,80,-76
63,9,54
47,89,-42
81,23,58
61,73,-12
10,96,-86
2,48,-46
27,17,10
33,31,2
8,51,-43
21,48,-27
50,56,-6
9,93,-84
88,31,57
35,97,-62
86,81,5
85,33,52
97,41,56
91,75,16
57,0,57
2,8,-6
83,95,-12
31,32,-1
66,83,-17
85,52,33
26,90,-64
45,67,-22
34,85,-51
32,16,16
43,30,13
5,42,-37
71,22,49
68,79,-11
50,29,21
67,72,-5
10,41,-31
55,34,21
6,49,-43
99,48,51
53,50,3
78,12,66
99,7,92
24,87,-63
79,62,17
66,91,-25
52,24,28
72,62,10
2,38,-36
87,63,24
58,80,-22
67,54,13
94,17,77
47,67,-20
41,73,-32
29,68,-39
39,76,-37
11,85,-74
95,39,56
5,21,-16
28,68,-40
54,26,28
41,63,-22
29,99,-70
16,4,12
89,79,10
22,52,-30
94,14,80
65,55,10
54,59,-5
70,27,43
33,73,-40
37,8,29
12,7,5
96,42,54
21,32,-11
64,45,19
79,49,30
33,65,-32
64,4,60
32,32,0
31,30,1
64,86,-22
29,90,-61
44,36,8
12,20,-8
23,36,-13
61,29,32
47,36,11
54,13,41
73,95,-22
67,27,40
61,4,57
25,69,-44
66,48,18
37,80,-43
98,38,60
37,85,-48
57,59,-2
64,10,54
87,60,27
53,95,-42
15,18,-3
10,19,-9
92,74,18
50,66,-16
59,99,-40
61,94,-33
78,60,18
10,39,-29
43,16,27
51,86,-35
76,92,-16
27,74,-47
91,40,51
86,96,-10
71,70,1
1,18,-17
38,89,-51
45,11,34
28,10,18
87,98,-11
89,84,5
75,39,36
31,20,11
30,19,11
48,97,-49
87,55,32
88,75,13
0,63,-63
43,40,3
83,86,-3
89,55,34
62,49,13
25,33,-8
48,84,-36
85,22,63
91,98,-7
3,29,-26
97,21,76
77,16,61
77,11,66
42,0,42
83,57,26
73,29,44
28,99,-71
65,6,59
86,81,5
99,25,74
41,48,-7
9,81,-72
99,18,81
67,15,52
91,30,61
78,62,16
86,6,80
61,27,34
97,78,19
78,95,-17
0,93,-93
51,63,-12
42,78,-36
85,67,18
66,83,-17
31,9,22
39,50,-11
22,61,-39
91,21,70
18,40,-22
85,67,18
99,57,42
91,66,25
9,0,9
61,47,14
83,76,7
4,95,-91
27,23,4
90,4,86
23,22,1
49,11,38
31,72,-41
70,73,-3
28,88,-60
61,62,-1
6,16,-10
62,75,-13
97,13,84
28,14,14
56,83,-27
82,75,7
72,79,-7
12,79,-67
86,95,-9
64,22,42
69,2,67
6,77,-71
49,9,40
23,78,-55
71,16,55
43,93,-50
71,33,38
24,91,-67
42,87,-45
4,25,-21
38,47,-9
20,40,-20
3,4,-1
39,86,-47
89,1,88
99,87,12
80,73,7
84,72,12
88,24,64
87,61,26
86,9,77
12,35,-23
28,26,2
63,1,62
18,48,-30
30,20,10
70,14,56
54,33,21
30,8,22
72,59,13
93,76,17
6,8,-2
20,48,-28
39,45,-6
79,12,67
9,67,-58
4,96,-92
64,73,-9
85,68,17
34,97,-63
9,1,8
92,1,91
49,99,-50
3,44,-41
59,71,-12
66,63,3
65,50,15
97,93,4
53,89,-36
76,95,-19
26,51,-25
43,52,-9
76,63,13
83,80,3
17,38,-21
96,11,85
94,94,0
20,55,-35
32,46,-14
79,2,77
76,18,58
7,66,-59
96,41,55
1,16,-15
61,92,-31
4,53,-49
42,36,6
81,89,-8
11,93,-82
29,18,11
88,36,52
44,0,44
20,65,-45
53,29,24
79,11,68
2,41,-39
36,80,-44
22,84,-62
80,23,57
83,46,37
5,72,-67
61,55,6
66,71,-5
36,47,-11
92,0,92
26,58,-32
8,82,-74
97,55,42
95,46,49
36,75,-39
88,62,26
5,41,-36
31,33,-2
36,56,-20
50,61,-11
0,25,-25
36,40,-4
82,91,-9
3,64,-61
84,86,-2
15,51,-36
33,43,-10
96,17,79
73,25,48
87,6,81
14,79,-65
75,43,32
68,97,-29
21,46,-25
40,64,-24
6,30,-24
50,25,25
87,28,59
53,49,4
3,58,-55
81,30,51
82,99,-17
27,67,-40
65,31,34
17,44,-27
85,51,34
37,56,-19
4,34,-30
21,52,-31
58,54,4
56,5,51
60,6,54
78,91,-13
86,41,45
8,42,-34
9,38,-29
15,18,-3
38,49,-11
92,14,78
5,10,-5
82,79,3
76,62,14
71,5,66
71,1,70
92,77,15
53,49,4
82,6,76
71,94,-23
40,16,24
65,43,22
96,27,69
8,46,-38
0,3,-3
90,15,75
28,79,-51
80,5,75
50,44,6
4,97,-93
25,71,-46
62,23,39
48,24,24
58,28,30
8,55,-47
62,54,8
37,32,5
83,41,42
51,87,-36
95,73,22
10,5,5
96,55,41
6,95,-89
27,38,-11
10,59,-49
26,69,-43
29,79,-50
80,28,52
1,70,-69
16,42,-26
5,15,-10
53,97,-44
94,35,59
13,90,-77
80,90,-10
16,99,-83
0,51,-51
32,58,-26
28,97,-69
33,90,-57
52,38,14
51,91,-40
70,38,32
80,6,74
49,27,22
53,29,24
79,93,-14
5,56,-51
50,87,-37
85,5,80
97,30,67
63,21,42
17,98,-81
24,93,-69
31,93,-62
83,50,33
73,93,-20
75,97,-22
6,20,-14
26,96,-70
74,87,-13
34,71,-37
33,9,24
93,46,47
83,40,43
21,96,-75
44,81,-37
24,46,-22
55,35,20
32,69,-37
24,62,-38
16,87,-71
21,31,-10
43,38,5
98,56,42
17,16,1
4,16,-12
93,43,50
48,98,-50
57,37,20
72,44,28
47,85,-38
5,86,-81
24,86,-62
94,68,26
96,67,29
17,59,-42
75,2,73
13,35,-22
58,6,52
12,86,-74
70,69,1
8,39,-31
27,72,-45
70,53,17
93,79,14
21,57,-36
15,11,4
88,55,33
67,65,2
79,72,7
62,77,-15
83,53,30
42,63,-21
7,9,-2
81,98,-17
76,67,9
64,31,33
52,99,-47
11,98,-87
59,32,27
83,64,19
24,74,-50
59,67,-8
0,66,-66
72,27,45
84,72,12
85,57,28
30,93,-63
87,1,86
61,51,10
99,94,5
59,15,44
11,14,-3
93,1,92
90,57,33
4,91,-87
55,18,37
66,13,53
11,67,-56
46,82,-36
92,41,51
77,44,33
24,54,-30
70,65,5
96,35,61
7,38,-31
24,70,-46
92,17,75
58,1,57
0,25,-25
5,40,-35
35,68,-33
51,73,-22
84,64,20
5,66,-61
70,53,17
46,96,-50
59,46,13
8,21,-13
94,46,48
9,30,-21
19,3,16
94,84,10
82,67,15
39,22,17
10,50,-40
85,90,-5
15,59,-44
69,78,-9
9,97,-88
10,4,6
51,9,42
75,21,54
61,25,36
25,47,-22
90,92,-2
50,69,-19
66,29,37
97,70,27
58,43,15
8,37,-29
44,66,-22
42,85,-43
4,22,-18
9,7,2
16,55,-39
47,70,-23
78,42,36
75,17,58
16,54,-38
79,3,76
72,2,70
5,73,-68
69,3,66
72,49,23
56,37,19
95,16,79
73,61,12
64,38,26
21,68,-47
89,8,81
22,35,-13
69,67,2
70,37,33
50,99,-49
79,78,1
42,84,-42
68,52,16
77,45,32
96,82,14
71,99,-28
70,71,-1
21,94,-73
50,60,-10
69,96,-27
90,80,10
66,19,47
93,7,86
30,94,-64
64,97,-33
2,17,-15
84,84,0
86,97,-11
88,4,84
1,31,-30
35,77,-42
68,60,8
51,64,-13
53,62,-9
53,44,9
27,41,-14
62,22,40
29,67,-38
27,67,-40
61,34,27
39,61,-22
84,8,76
35,31,4
28,91,-63
86,52,34
54,61,-7
71,66,5
78,25,53
67,20,47
39,73,-34
14,94,-80
74,40,34
4,62,-58
82,83,-1
35,49,-14
93,25,68
82,21,61
57,23,34
11,83,-72
33,46,-13
87,30,57
31,90,-59
72,48,24
37,51,-14
22,19,3
32,73,-41
4,28,-24
12,37,-25
48,79,-31
61,19,42
41,79,-38
49,85,-36
21,51,-30
29,51,-22
74,4,70
58,68,-10
98,65,33
55,17,38
75,78,-3
77,11,66
3,14,-11
49,25,24
31,65,-34
42,86,-44
63,70,-7
74,35,39
51,55,-4
50,43,7
39,4,35
21,2,19
97,99,-2
21,58,-37
68,13,55
3,62,-59
8,75,-67
68,69,-1
13,30,-17
68,89,-21
37,20,17
67,22,45
14,13,1
71,57,14
81,90,-9
96,63,33
57,93,-36
85,86,-1
28,1,27
77,35,42
75,39,36
69,96,-27
62,86,-24
7,91,-84
41,82,-41
75,63,12
50,64,-14
96,77,19
81,50,31
51,56,-5
49,30,19
48,41,7
81,45,36
79,82,-3
40,72,-32
86,89,-3
58,53,5
16,96,-80
76,11,65
33,60,-27
8,42,-34
62,10,52
93,1,92
56,65,-9
23,34,-11
88,14,74
40,91,-51
34,43,-9
35,26,9
3,61,-58
0,18,-18
32,91,-59
90,6,84
74,1,73
56,69,-13
46,0,46
66,91,-25
76,79,-3
59,70,-11
49,79,-30
19,84,-65
0,98,-98
15,51,-36
33,89,-56
47,62,-15
39,61,-22
96,86,10
43,36,7
46,36,10
81,15,66
30,98,-68
6,19,-13
69,52,17
86,10,76
40,31,9
12,82,-70
94,91,3
45,51,-6
86,2,84
50,62,-12
75,13,62
12,45,-33
17,99,-82
45,89,-44
21,67,-46
75,20,55
76,8,68
64,67,-3
8,70,-62
17,99,-82
98,57,41
2,80,-78
86,90,-4
69,65,4
38,35,3
29,79,-50
12,13,-1
3,40,-37
99,95,4
1,19,-18
64,11,53
32,12,20
40,61,-21
1,16,-15
45,98,-53
9,15,-6
84,84,0
4,37,-33
59,60,-1
3,81,-78
17,15,2
17,48,-31
72,44,28
72,99,-27
71,44,27
1,12,-11
67,67,0
6,29,-23
4,45,-41
92,95,-3
65,75,-10
32,47,-15
94,76,18
19,69,-50
13,7,6
38,49,-11
42,72,-30
7,70,-63
25,3,22
61,21,40
66,97,-31
70,39,31
90,69,21
64,48,16
93,39,54
33,62,-29
79,52,27
99,74,25
14,76,-62
67,74,-7
61,24,37
36,88,-52
92,38,54
14,45,-31
84,96,-12
10,7,3
72,4,68
97,47,50
36,57,-21
95,12,83
61,94,-33
57,60,-3
78,35,43
94,92,2
60,82,-22
58,88,-30
23,68,-45
58,45,13
93,84,9
48,4,44
41,17,24
34,95,-61
44,38,6
64,37,27
2,82,-80
80,28,52
38,52,-14
87,49,38
2,45,-43
27,78,-51
56,44,12
59,67,-8
45,92,-47
2,73,-71
35,85,-50
35,36,-1
73,46,27
45,49,-4
7,87,-80
72,31,41
88,94,-6
66,91,-25
7,4,3
31,51,-20
32,11,21
62,30,32
81,28,53
94,41,53
33,56,-23
75,1,74
36,93,-57
31,98,-67
61,76,-15
84,29,55
29,84,-55
40,67,-27
57,28,29
57,73,-16
20,38,-18
88,35,53
46,67,-21
21,5,16
79,58,21
53,38,15
99,93,6
94,80,14
47,30,17
29,32,-3
96,57,39
13,73,-60
69,12,57
48,24,24
38,64,-26
10,14,-4
15,10,5
40,3,37
91,52,39
75,41,34
52,36,16
57,4,53
23,77,-54
39,22,17
43,11,32
8,22,-14
7,25,-18
18,9,9
1,31,-30
67,29,38
46,95,-49
60,10,50
91,45,46
18,49,-31
6,49,-43
32,49,-17
70,84,-14
54,7,47
84,66,18
32,92,-60
16,74,-58
71,89,-18
79,96,-17
77,53,24
67,79,-12
62,41,21
70,21,49
27,77,-50
6,89,-83
38,62,-24
53,10,43
62,29,33
77,70,7
49,45,4
30,15,15
63,7,56
34,7,27
44,68,-24
26,77,-51
55,7,48
57,40,17
71,9,62
92,70,22
67,42,25
57,96,-39
0,26,-26
72,63,9
41,20,21
72,12,60
36,31,5
66,78,-12
84,78,6
16,28,-12
81,38,43
9,35,-26
63,56,7
52,34,18
82,13,69
78,29,49
66,62,4
24,93,-69
44,89,-45
18,34,-16
97,94,3
64,88,-24
3,5,-2
59,93,-34
47,40,7
58,23,35
54,74,-20
30,67,-37
96,67,29
98,5,93
70,7,63
73,52,21
51,51,0
81,41,40
55,57,-2
31,10,21
25,2,23
53,20,33
81,70,11
75,94,-19
68,8,60
28,81,-53
43,24,19
19,48,-29
2,48,-46
81,35,46
58,84,-26
36,39,-3
96,97,-1
42,80,-38
12,59,-47
29,60,-31
92,19,73
97,34,63
88,8,80
88,6,82
88,81,7
24,75,-51
28,16,12
14,22,-8
4,90,-86
78,60,18
2,36,-34
36,2,34
6,87,-81
92,21,71
98,77,21
23,35,-12
86,55,31
33,28,5
60,45,15
58,62,-4
88,3,85
92,3,89
88,75,13
7,78,-71
47,75,-28
41,84,-43
5,80,-75
37,88,-51
60,41,19
57,27,30
79,62,17
1,16,-15
70,95,-25
19,16,3
22,64,-42
8,85,-77
4,6,-2
70,48,22
69,0,69
47,11,36
4,70,-66
45,32,13
37,67,-30
55,15,40
72,81,-9
48,32,16
74,8,66
80,41,39
63,98,-35
97,94,3
72,33,39
27,6,21
29,28,1
81,8,73
8,89,-81
41,80,-39
73,59,14
28,32,-4
98,61,37
14,48,-34
8,22,-14
83,19,64
2,2,0
89,17,72
65,96,-31
96,1,95
85,87,-2
29,22,7
47,95,-48
7,22,-15
62,50,12
96,96,0
86,88,-2
64,54,10
75,80,-5
21,98,-77
41,21,20
3,30,-27
0,80,-80
55,94,-39
67,77,-10
0,81,-81
24,17,7
29,85,-56
26,38,-12
17,14,3
61,33,28
91,96,-5
59,47,12
93,81,12
9,50,-41
89,98,-9
22,57,-35
3,38,-35
63,67,-4
13,97,-84
25,89,-64
53,56,-3
85,8,77
95,38,57
56,54,2
29,40,-11
20,2,18
81,15,66
97,2,95
91,94,-3
32,70,-38
38,44,-6
22,10,12
49,92,-43
89,51,38
77,98,-21
88,94,-6
80,5,75
22,64,-42
31,70,-39
98,55,43
99,20,79
92,59,33
15,64,-49
23,38,-15
74,65,9
85,46,39
76,99,-23
12,3,9
70,85,-15
22,2,20
25,8,17
80,5,75
29,54,-25
19,73,-54
40,72,-32
34,81,-47
0,51,-51
50,20,30
13,20,-7
47,4,43
31,93,-62
4,76,-72
52,65,-13
78,45,33
73,81,-8
77,46,31
21,93,-72
4,53,-49
18,6,12
63,70,-7
74,64,10
37,38,-1
23,4,19
86,53,33
55,62,-7
39,73,-34
87,17,70
21,17,4
51,0,51
79,62,17
86,79,7
20,7,13
73,12,61
92,82,10
75,59,16
60,23,37
4,98,-94
73,69,4
47,7,40
86,8,78
31,29,2
6,51,-45
92,62,30
92,26,66
9,30,-21
59,80,-21
27,96,-69
58,72,-14
49,75,-26
62,60,2
87,28,59
47,17,30
96,53,43
34,77,-43
14,59,-45
71,41,30
84,59,25
99,70,29
27,85,-58
6,44,-38
50,16,34
41,43,-2
7,15,-8
27,6,21
53,87,-34
12,68,-56
94,35,59
88,54,34
77,77,0
15,23,-8
72,93,-21
62,10,52
89,25,64
77,24,53
56,57,-1
92,99,-7
52,82,-30
83,84,-1
81,62,19
84,37,47
11,87,-76
77,51,26
75,11,64
74,59,15
90,62,28
65,89,-24
0,18,-18
85,92,-7
88,92,-4
57,28,29
88,77,11
50,71,-21
1,1,0
17,27,-10
76,34,42
61,86,-25
39,99,-60
44,28,16
5,8,-3
59,24,35
78,60,18
25,16,9
13,66,-53
15,2,13
88,76,12
89,91,-2
3,98,-95
95,83,12
34,74,-40
56,65,-9
71,9,62
81,3,78
8,40,-32
63,77,-14
28,52,-24
28,28,0
68,9,59
29,35,-6
40,65,-25
77,60,17
4,15,-11
56,61,-5
55,54,1
38,52,-14
37,64,-27
71,21,50
52,49,3
70,23,47
24,7,17
28,35,-7
56,70,-14
65,12,53
83,0,83
29,67,-38
90,35,55
25,22,3
7,77,-70
9,5,4
43,80,-37
74,40,34
82,46,36
74,63,11
59,33,26
18,40,-22
53,45,8
5,60,-55
6,4,2
86,1,85
69,36,33
46,61,-15
1,52,-51
61,64,-3
76,95,-19
7,63,-56
29,82,-53
10,5,5
83,87,-4
75,84,-9
84,76,8
79,50,29
46,61,-15
39,52,-13
77,7,70
27,3,24
72,95,-23
94,90,4
57,25,32
5,4,1
83,29,54
76,87,-11
8,43,-35
46,80,-34
66,79,-13
37,8,29
91,48,43
68,0,68
45,90,-45
83,36,47
55,69,-14
61,61,0
37,53,-16
37,99,-62
31,8,23
62,72,-10
67,12,55
48,3,45
99,64,35
43,47,-4
50,12,38
8,47,-39
40,63,-23
54,54,0
62,65,-3
46,23,23
13,26,-13
27,27,0
58,86,-28
32,93,-61
65,11,54
43,75,-32
83,71,12
26,43,-17
52,46,6
91,86,5
55,53,2
70,11,59
40,25,15
54,52,2
23,47,-24
17,73,-56
72,10,62
51,97,-46
4,1,3
11,63,-52
48,65,-17
8,30,-22
97,77,20
18,58,-40
49,49,0
89,38,51
16,78,-62
6,27,-21
14,85,-71
71,16,55
33,65,-32
69,54,15
48,29,19
13,73,-60
59,73,-14
84,95,-11
13,93,-80
47,96,-49
16,87,-71
73,99,-26
43,18,25
58,55,3
64,35,29
66,84,-18
34,67,-33
93,76,17
23,31,-8
30,21,9
61,97,-36
56,60,-4
83,81,2
82,6,76
19,4,15
50,55,-5
71,80,-9
84,10,74
71,84,-13
91,61,30
91,2,89
56,76,-20
42,96,-54
78,78,0
79,91,-12
97,53,44
6,94,-88
60,11,49
42,35,7
18,25,-7
52,6,46
42,34,8
55,85,-30
46,91,-45
40,29,11
47,96,-49
16,80,-64
68,24,44
78,29,49
18,55,-37
14,26,-12
32,45,-13
96,65,31
42,98,-56
95,2,93
80,35,45
53,87,-34
45,68,-23
74,0,74
52,77,-25
13,30,-17
29,98,-69
68,30,38
30,29,1
81,38,43
21,4,17
30,47,-17
15,3,12
49,88,-39
56,21,35
10,68,-58
84,41,43
99,98,1
6,27,-21
0,9,-9
92,28,64
87,46,41
41,76,-35
2,18,-16
95,70,25
48,71,-23
38,64,-26
10,60,-50
58,96,-38
35,21,14
65,86,-21
75,64,11
35,49,-14
51,16,35
4,38,-34
12,71,-59
19,90,-71
82,13,69
80,19,61
61,55,6
57,39,18
19,1,18
99,3,96
76,59,17
90,72,18
27,0,27
66,71,-5
32,95,-63
83,21,62
64,88,-24
9,49,-40
62,29,33
44,70,-26
4,14,-10
55,24,31
22,98,-76
52,54,-2
51,0,51
98,52,46
13,60,-47
13,95,-82
88,20,68
61,21,40
49,0,49
67,55,12
37,78,-41
64,11,53
17,92,-75
29,88,-59
56,83,-27
5,80,-75
24,88,-64
31,70,-39
42,70,-28
70,12,58
64,56,8
27,10,17
92,24,68
39,79,-40
91,72,19
52,19,33
66,97,-31
47,38,9
85,2,83
92,31,61
3,13,-10
76,63,13
83,38,45
66,5,61
28,61,-33
82,72,10
32,42,-10
2,99,-97
41,96,-55
34,83,-49
12,39,-27
99,20,79
63,19,44
3,95,-92
61,10,51
99,44,55
99,90,9
60,33,27
77,40,37
88,64,24
28,82,-54
70,43,27
49,87,-38
77,71,6
36,82,-46
49,1,48
88,70,18
89,2,87
88,67,21
68,55,13
71,71,0
99,93,6
92,48,44
59,79,-20
56,68,-12
43,86,-43
89,12,77
53,21,32
34,84,-50
24,2,22
34,14,20
48,33,15
4,91,-87
87,46,41
79,81,-2
54,60,-6
89,85,4
31,28,3
4,20,-16
69,91,-22
63,26,37
46,94,-48
40,50,-10
30,99,-69
67,84,-17
82,72,10
57,80,-23
96,59,37
14,48,-34
21,87,-66
18,38,-20
43,33,10
5,64,-59
14,72,-58
9,94,-85
62,42,20
96,36,60
42,57,-15
87,14,73
5,80,-75
32,62,-30
90,30,60
18,75,-57
4,58,-54
69,97,-28
58,9,49
89,89,0
64,12,52
91,71,20
74,5,69
35,20,15
59,16,43
28,89,-61
33,47,-14
87,62,25
72,24,48
11,66,-55
99,98,1
26,59,-33
10,58,-48
51,88,-37
80,81,-1
25,4,21
70,56,14
87,42,45
21,30,-9
9,45,-36
39,36,3
54,21,33
33,11,22
3,73,-70
34,95,-61
13,50,-37
55,18,37
97,86,11
70,26,44
20,24,-4
49,96,-47
50,21,29
90,59,31
96,39,57
47,44,3
48,31,17
93,92,1
24,29,-5
16,80,-64
40,34,6
78,93,-15
36,86,-50
36,29,7
78,89,-11
42,58,-16
30,84,-54
54,91,-37
88,63,25
92,74,18
48,73,-25
65,75,-10
37,83,-46
22,61,-39
9,14,-5
36,98,-62
78,34,44
88,57,31
40,19,21
69,47,22
84,54,30
99,30,69
76,93,-17
21,3,18
27,37,-10
60,28,32
72,2,70
42,8,34
20,56,-36
31,66,-35
65,91,-26
40,65,-25
9,18,-9
7,37,-30
9,10,-1
71,94,-23
17,38,-21
5,19,-14
11,67,-56
77,86,-9
77,44,33
37,39,-2
27,46,-19
53,97,-44
44,34,10
49,75,-26
28,73,-45
63,58,5
99,82,17
6,16,-10
23,22,1
16,51,-35
47,31,16
97,0,97
91,66,25
21,64,-43
58,70,-12
64,53,11
90,42,48
35,28,7
77,20,57
85,5,80
31,12,19
20,86,-66
42,61,-19
37,80,-43
93,31,62
59,96,-37
4,19,-15
43,39,4
15,31,-16
73,19,54
87,51,36
99,97,2
60,75,-15
89,61,28
38,36,2
11,0,11
23,14,9
53,76,-23
86,27,59
41,3,38
14,64,-50
49,16,33
61,41,20
39,58,-19
41,86,-45
83,6,77
87,69,18
95,11,84
61,66,-5
84,29,55
85,99,-14
39,94,-55
51,2,49
6,65,-59
57,18,39
88,24,64
97,63,34
89,31,58
90,45,45
56,98,-42
88,75,13
59,51,8
51,52,-1
59,51,8
6,58,-52
5,37,-32
91,57,34
2,16,-14
26,6,20
6,5,1
28,7,21
44,76,-32
95,37,58
62,90,-28
67,54,13
24,50,-26
20,25,-5
5,28,-23
69,39,30
65,75,-10
96,3,93
18,68,-50
7,44,-37
27,4,23
66,86,-20
78,48,30
96,37,59
34,75,-41
25,90,-65
20,73,-53
52,79,-27
88,60,28
31,92,-61
63,51,12
47,91,-44
21,7,14
44,73,-29
56,36,20
26,65,-39
35,3,32
91,2,89
54,90,-36
21,11,10
15,0,15
45,23,22
19,37,-18
69,32,37
12,75,-63
26,94,-68
47,67,-20
56,47,9
91,38,53
30,59,-29
5,65,-60
92,74,18
31,85,-54
9,88,-79
34,2,32
9,6,3
74,18,56
52,94,-42
88,6,82
4,31,-27
53,0,53
29,48,-19
92,61,31
73,96,-23
31,11,20
32,45,-13
66,56,10
37,81,-44
23,60,-37
61,83,-22
54,26,28
68,44,24
91,75,16
81,19,62
37,60,-23
16,81,-65
16,80,-64
30,5,25
94,46,48
32,89,-57
72,82,-10
69,13,56
67,58,9
82,7,75
10,75,-65
72,20,52
32,71,-39
16,50,-34
88,22,66
13,13,0
98,13,85
98,54,44
21,17,4
20,4,16
76,52,24
68,36,32
21,61,-40
58,73,-15
66,48,18
39,95,-56
21,1,20
81,13,68
6,0,6
39,24,15
54,77,-23
64,96,-32
57,23,34
52,72,-20
93,53,40
9,96,-87
5,53,-48
20,21,-1
53,54,-1
34,28,6
90,46,44
23,48,-25
56,50,6
45,50,-5
3,69,-66
20,1,19
17,78,-61
2,26,-24
22,57,-35
91,15,76
12,21,-9
3,9,-6
88,89,-1
94,94,0
45,62,-17
46,37,9
65,14,51
29,59,-30
0,3,-3
13,55,-42
99,69,30
46,87,-41
51,35,16
24,51,-27
60,78,-18
28,28,0
83,76,7
73,16,57
34,50,-16
16,48,-32
6,59,-53
98,84,14
46,16,30
76,86,-10
27,48,-21
21,32,-11
55,95,-40
68,99,-31
11,22,-11
14,97,-83
58,73,-15
18,86,-68
93,48,45
92,70,22
83,21,62
79,87,-8
61,84,-23
93,10,83
8,3,5
74,25,49
56,32,24
67,30,37
76,27,49
6,97,-91
9,55,-46
36,12,24
40,22,18
87,54,33
22,67,-45
56,43,13
62,8,54
17,10,7
95,64,31
49,61,-12
91,58,33
92,93,-1
53,30,23
89,22,67
54,28,26
56,15,41
86,15,71
91,93,-2
69,60,9
53,31,22
31,81,-50
85,81,4
88,29,59
52,41,11
40,50,-10
66,27,39
14,71,-57
63,64,-1
37,1,36
56,80,-24
15,60,-45
36,52,-16
78,79,-1
35,32,3
67,96,-29
7,22,-15
5,78,-73
75,94,-19
10,39,-29
44,98,-54
62,78,-16
65,1,64
4,22,-18
48,59,-11
53,86,-33
24,15,9
14,57,-43
50,38,12
86,67,19
44,80,-36
18,22,-4
46,19,27
64,87,-23
35,40,-5
65,2,63
53,72,-19
14,58,-44
83,1,82
12,71,-59
21,96,-75
7,63,-56
30,18,12
93,15,78
82,40,42
40,85,-45
18,58,-40
94,58,36
9,41,-32
45,16,29
18,23,-5
8,29,-21
61,22,39
93,17,76
43,55,-12
35,71,-36
2,49,-47
79,76,3
98,91,7
92,41,51
53,2,51
21,16,5
99,97,2
18,97,-79
85,60,25
97,24,73
17,17,0
15,88,-73
36,70,-34
35,99,-64
29,27,2
70,79,-9
53,58,-5
12,54,-42
87,36,51
18,44,-26
15,11,4
76,57,19
68,75,-7
37,96,-59
25,46,-21
80,73,7
98,46,52
51,23,28
87,72,15
65,39,26
56,30,26
36,61,-25
64,54,10
3,24,-21
90,26,64
72,41,31
12,75,-63
83,45,38
76,34,42
50,66,-16
89,71,18
11,22,-11
99,89,10
21,41,-20
87,95,-8
5,53,-48
10,51,-41
48,18,30
33,38,-5
64,26,38
41,41,0
66,96,-30
63,27,36
94,64,30
61,73,-12
86,22,64
30,49,-19
56,38,18
36,11,25
54,49,5
14,26,-12
82,41,41
10,70,-60
58,65,-7
3,54,-51
34,96,-62
88,26,62
16,92,-76
79,82,-3
87,1,86
57,34,23
37,61,-24
70,97,-27
35,28,7
13,11,2
82,24,58
23,86,-63
22,52,-30
61,64,-3
78,92,-14
40,78,-38
96,15,81
75,35,40
30,45,-15
7,60,-53
33,37,-4
35,92,-57
77,52,25
55,22,33
70,8,62
17,93,-76
17,48,-31
68,99,-31
63,75,-12
53,25,28
18,71,-53
31,36,-5
76,51,25
40,85,-45
12,5,7
55,68,-13
9,1,8
17,24,-7
0,73,-73
41,55,-14
25,62,-37
58,92,-34
59,82,-23
95,1,94
29,16,13
99,76,23
82,59,23
47,24,23
89,28,61
48,83,-35
68,63,5
24,57,-33
1,87,-86
60,91,-31
62,94,-32
92,85,7
54,49,5
17,65,-48
76,44,32
53,31,22
9,25,-16
84,28,56
38,99,-61
37,91,-54
67,60,7
32,75,-43
44,85,-41
79,29,50
57,63,-6
11,69,-58
86,88,-2
63,5,58
23,42,-19
0,36,-36
25,40,-15
51,22,29
52,97,-45
56,16,40
80,95,-15
54,3,51
76,75,1
83,33,50
38,82,-44
72,78,-6
31,25,6
9,60,-51
49,98,-49
90,6,84
9,96,-87
50,25,25
37,19,18
71,11,60
80,8,72
4,3,1
32,5,27
62,35,27
93,80,13
37,17,20
25,5,20
22,26,-4
90,37,53
23,17,6
95,12,83
98,65,33
18,80,-62
85,19,66
75,45,30
84,72,12
61,37,24
89,47,42
86,93,-7
24,83,-59
28,97,-69
9,15,-6
96,86,10
54,83,-29
41,10,31
81,29,52
73,42,31
75,18,57
26,85,-59
69,65,4
80,26,54
1,21,-20
88,31,57
74,84,-10
24,65,-41
14,82,-68
38,43,-5
93,53,40
74,32,42
41,59,-18
4,42,-38
0,86,-86
35,82,-47
29,21,8
74,87,-13
89,85,4
14,45,-31
73,25,48
56,83,-27
10,6,4
85,33,52
93,49,44
39,94,-55
37,0,37
16,82,-66
93,93,0
51,14,37
34,31,3
43,42,1
95,80,15
57,87,-30
53,7,46
15,61,-46
81,18,63
8,72,-64
30,5,25
50,54,-4
12,29,-17
66,33,33
26,80,-54
17,77,-60
69,55,14
75,88,-13
33,55,-22
11,32,-21
68,5,63
19,27,-8
32,8,24
32,71,-39
95,28,67
57,24,33
38,73,-35
7,9,-2
3,87,-84
29,81,-52
94,37,57
7,10,-3
40,65,-25
93,20,73
89,63,26
22,82,-60
23,29,-6
96,19,77
23,91,-68
69,24,45
66,72,-6
71,71,0
83,70,13
59,48,11
30,70,-40
30,74,-44
44,93,-49
9,52,-43
73,55,18
15,21,-6
93,61,32
16,67,-51
2,18,-16
89,70,19
71,4,67
83,95,-12
16,87,-71
20,25,-5
62,75,-13
86,4,82
91,30,61
66,13,53
60,23,37
6,34,-28
11,12,-1
36,57,-21
94,24,70
3,91,-88
66,41,25
36,42,-6
22,66,-44
34,17,17
92,97,-5
21,99,-78
65,34,31
57,92,-35
1,4,-3
48,0,48
65,91,-26
5,8,-3
23,18,5
52,44,8
52,15,37
88,47,41
90,85,5
98,34,64
55,88,-33
49,61,-12
88,68,20
32,52,-20
62,80,-18
65,2,63
36,60,-24
7,90,-83
16,53,-37
33,66,-33
23,20,3
32,49,-17
36,9,27
24,23,1
22,22,0
27,73,-46
49,65,-16
90,42,48
8,99,-91
85,20,65
74,97,-23
5,18,-13
71,42,29
87,0,87
15,57,-42
53,83,-30
59,14,45
85,56,29
75,87,-12
94,78,16
22,55,-33
39,2,37
2,46,-44
46,58,-12
29,98,-69
23,27,-4
66,91,-25
28,26,2
24,95,-71
2,69,-67
23,6,17
73,48,25
62,23,39
38,31,7
2,97,-95
55,67,-12
79,37,42
53,15,38
62,93,-31
74,64,10
79,91,-12
85,89,-4
3,1,2
30,38,-8
26,54,-28
98,19,79
81,23,58
12,63,-51
6,97,-91
66,85,-19
51,79,-28
49,76,-27
88,88,0
23,21,2
60,28,32
32,66,-34
94,76,18
83,58,25
37,83,-46
26,5,21
77,68,9
48,0,48
60,17,43
95,90,5
51,22,29
91,79,12
51,51,0
33,72,-39
93,33,60
38,96,-58
55,75,-20
49,61,-12
76,63,13
36,78,-42
7,4,3
66,38,28
74,55,19
95,49,46
18,47,-29
26,56,-30
30,1,29
55,94,-39
42,82,-40
20,2,18
17,64,-47
13,79,-66
21,56,-35
24,7,17
45,89,-44
83,94,-11
39,28,11
0,70,-70
9,7,2
78,84,-6
55,28,27
10,67,-57
80,66,14
37,35,2
41,22,19
42,66,-24
20,57,-37
36,71,-35
70,12,58
73,74,-1
77,57,20
1,95,-94
75,65,10
99,41,58
81,36,45
0,70,-70
18,69,-51
59,10,49
46,44,2
43,31,12
15,15,0
42,10,32
24,80,-56
77,8,69
23,32,-9
53,6,47
64,74,-10
28,66,-38
99,81,18
17,85,-68
87,95,-8
64,45,19
22,62,-40
77,86,-9
23,18,5
55,61,-6
10,26,-16
54,27,27
52,20,32
99,48,51
42,33,9
77,38,39
46,78,-32
99,72,27
72,45,27
24,72,-48
79,3,76
74,49,25
80,31,49
49,8,41
31,69,-38
28,41,-13
46,84,-38
78,34,44
78,18,60
79,15,64
82,36,46
53,5,48
61,51,10
69,70,-1
2,35,-33
38,52,-14
99,70,29
86,19,67
36,37,-1
98,0,98
77,69,8
2,35,-33
7,46,-39
0,7,-7
32,2,30
1,10,-9
95,75,20
32,55,-23
60,95,-35
52,34,18
8,35,-27
12,31,-19
40,8,32
35,29,6
11,76,-65
61,32,29
28,72,-44
38,12,26
27,74,-47
31,73,-42
43,47,-4
79,74,5
52,70,-18
53,45,8
27,59,-32
58,85,-27
66,8,58
69,75,-6
88,75,13
17,39,-22
50,50,0
83,86,-3
59,50,9
42,84,-42
98,16,82
71,91,-20
92,53,39
96,53,43
26,15,11
58,99,-41
25,11,14
24,14,10
43,42,1
36,2,34
58,83,-25
86,34,52
17,82,-65
37,81,-44
18,63,-45
21,15,6
98,34,64
41,23,18
51,31,20
55,15,40
81,31,50
80,87,-7
14,78,-64
2,30,-28
45,9,36
38,12,26
90,82,8
39,27,12
22,6,16
0,22,-22
42,67,-25
10,34,-24
73,78,-5
19,99,-80
85,51,34
1,70,-69
62,71,-9
6,8,-2
24,42,-18
45,43,2
92,48,44
91,9,82
84,42,42
90,4,86
74,26,48
42,37,5
62,46,16
42,92,-50
28,97,-69
58,64,-6
79,61,18
6,89,-83
52,17,35
13,61,-48
29,62,-33
12,87,-75
29,86,-57
80,51,29
95,39,56
11,11,0
56,1,55
12,8,4
34,98,-64
94,98,-4
47,90,-43
16,68,-52
55,97,-42
50,63,-13
86,32,54
52,26,26
58,25,33
20,50,-30
40,59,-19
58,20,38
16,77,-61
74,96,-22
60,2,58
64,91,-27
76,31,45
33,29,4
28,97,-69
73,65,8
82,47,35
32,17,15
68,23,45
69,57,12
45,26,19
6,57,-51
78,70,8
77,83,-6
3,79,-76
32,34,-2
52,48,4
89,23,66
12,42,-30
14,44,-30
41,31,10
19,23,-4
37,56,-19
55,25,30
22,46,-24
65,98,-33
12,66,-54
57,57,0
95,29,66
48,20,28
52,90,-38
96,91,5
15,12,3
48,50,-2
55,29,26
46,1,45
35,83,-48
43,36,7
83,95,-12
57,90,-33
35,57,-22
23,25,-2
9,30,-21
46,8,38
84,19,65
33,11,22
85,29,56
16,46,-30
64,89,-25
49,14,35
92,24,68
1,33,-32
77,91,-14
69,70,-1
77,58,19
90,66,24
19,24,-5
48,57,-9
53,75,-22
16,56,-40
59,83,-24
73,53,20
80,15,65
90,42,48
43,59,-16
6,15,-9
96,26,70
20,39,-19
45,60,-15
76,82,-6
5,10,-5
91,77,14
54,41,13
76,41,35
53,44,9
72,90,-18
19,60,-41
87,71,16
48,82,-34
47,38,9
64,4,60
59,6,53
21,16,5
91,51,40
20,42,-22
24,53,-29
81,98,-17
51,90,-39
49,13,36
78,46,32
61,19,42
26,17,9
81,69,12
17,25,-8
85,41,44
21,42,-21
81,33,48
82,76,6
12,20,-8
75,80,-5
55,89,-34
61,44,17
99,76,23
92,8,84
37,68,-31
13,18,-5
61,67,-6
49,32,17
98,69,29
92,39,53
70,30,40
77,83,-6
18,0,18
1,68,-67
67,5,62
31,32,-1
74,57,17
14,93,-79
60,83,-23
17,31,-14
59,81,-22
62,47,15
54,59,-5
13,65,-52
47,20,27
66,44,22
53,91,-38
66,61,5
32,8,24
25,20,5
63,89,-26
87,22,65
52,32,20
36,60,-24
19,89,-70
47,30,17
93,95,-2
88,32,56
34,85,-51
72,62,10
99,96,3
5,88,-83
64,6,58
23,22,1
41,69,-28
33,84,-51
8,2,6
68,95,-27
86,35,51
82,64,18
49,61,-12
55,43,12
42,39,3
92,9,83
7,87,-80
15,70,-55
70,63,7
32,57,-25
63,28,35
56,56,0
38,71,-33
38,1,37
43,47,-4
92,63,29
71,17,54
0,62,-62
39,85,-46
39,85,-46
81,17,64
92,92,0
97,15,82
78,26,52
21,77,-56
40,44,-4
57,68,-11
93,11,82
30,46,-16
59,24,35
36,13,23
97,53,44
75,88,-13
73,87,-14
13,57,-44
67,81,-14
2,60,-58
71,87,-16
9,16,-7
18,24,-6
84,97,-13
13,61,-48
37,65,-28
51,59,-8
46,26,20
78,35,43
36,90,-54
11,13,-2
46,24,22
77,22,55
59,22,37
89,87,2
40,19,21
15,31,-16
39,27,12
19,74,-55
41,35,6
27,30,-3
99,96,3
92,67,25
76,78,-2
36,25,11
83,55,28
50,97,-47
46,45,1
93,20,73
3,23,-20
41,98,-57
8,2,6
53,37,16
48,88,-40
67,56,11
83,31,52
5,76,-71
22,15,7
30,24,6
6,8,-2
87,56,31
82,37,45
66,28,38
63,85,-22
30,2,28
5,94,-89
8,56,-48
52,24,28
36,42,-6
67,66,1
41,26,15
48,33,15
56,18,38
40,37,3
41,32,9
3,10,-7
19,91,-72
43,51,-8
87,86,1
53,92,-39
80,25,55
83,13,70
2,92,-90
78,59,19
90,24,66
5,77,-72
69,34,35
41,55,-14
1,46,-45
63,85,-22
96,61,35
5,31,-26
18,85,-67
61,7,54
23,76,-53
13,52,-39
61,49,12
85,14,71
92,74,18
82,46,36
15,95,-80
15,17,-2
2,5,-3
36,8,28
60,15,45
46,0,46
71,48,23
41,10,31
39,94,-55
8,78,-70
30,98,-68
46,81,-35
47,24,23
33,65,-32
74,31,43
8,66,-58
84,30,54
84,60,24
78,59,19
1,46,-45
60,99,-39
75,70,5
71,54,17
1,12,-11
58,84,-26
28,36,-8
1,18,-17
33,27,6
48,35,13
75,35,40
8,52,-44
26,60,-34
51,26,25
5,97,-92
93,45,48
14,97,-83
21,37,-16
18,52,-34
2,14,-12
70,37,33
37,59,-22
97,35,62
66,84,-18
88,81,7
57,84,-27
3,53,-50
39,84,-45
18,1,17
94,27,67
5,48,-43
25,55,-30
57,43,14
41,0,41
44,50,-6
65,23,42
32,24,8
75,18,57
12,89,-77
30,67,-37
54,44,10
47,93,-46
40,98,-58
20,98,-78
98,60,38
9,77,-68
76,13,63
69,98,-29
9,94,-85
47,73,-26
16,6,10
76,37,39
4,97,-93
78,2,76
15,80,-65
41,49,-8
66,36,30
29,85,-56
3,69,-66
99,49,50
61,62,-1
91,61,30
46,97,-51
12,93,-81
54,54,0
65,64,1
33,62,-29
18,27,-9
52,50,2
88,75,13
76,17,59
59,94,-35
56,19,37
38,61,-23
26,48,-22
15,69,-54
59,40,19
99,34,65
87,68,19
99,16,83
94,70,24
8,10,-2
98,86,12
92,11,81
6,35,-29
63,81,-18
11,38,-27
93,68,25
11,12,-1
89,60,29
76,98,-22
29,55,-26
74,3,71
20,56,-36
35,31,4
15,80,-65
44,44,0
53,77,-24
32,45,-13
13,35,-22
93,20,73
94,46,48
34,13,21
35,10,25
12,16,-4
74,44,30
1,70,-69
32,7,25
87,45,42
78,9,69
76,78,-2
59,10,49
45,66,-21
87,65,22
95,43,52
27,15,12
7,32,-25
41,36,5
58,25,33
3,2,1
69,26,43
73,83,-10
37,49,-12
87,74,13
33,96,-63
51,6,45
37,70,-33
9,42,-33
24,30,-6
24,22,2
20,63,-43
32,50,-18
99,99,0
15,48,-33
74,31,43
35,93,-58
30,69,-39
86,96,-10
66,86,-20
61,16,45
18,58,-40
12,93,-81
67,31,36
23,78,-55
47,64,-17
1,90,-89
3,84,-81
29,68,-39
61,53,8
63,42,21
11,96,-85
27,91,-64
67,24,43
23,37,-14
55,31,24
41,19,22
99,19,80
96,16,80
58,73,-15
73,36,37
96,35,61
66,65,1
75,28,47
24,68,-44
50,82,-32
16,45,-29
23,45,-22
18,25,-7
11,28,-17
33,35,-2
57,84,-27
57,8,49
24,38,-14
53,3,50
46,49,-3
22,19,3
2,58,-56
52,90,-38
76,48,28
55,45,10
15,52,-37
29,88,-59
47,38,9
81,49,32
10,90,-80
90,2,88
41,16,25
89,0,89
19,60,-41
11,81,-70
18,83,-65
5,6,-1
33,43,-10
90,64,26
2,87,-85
0,23,-23
42,73,-31
7,89,-82
56,46,10
72,30,42
10,24,-14
66,89,-23
47,22,25
89,17,72
30,82,-52
16,85,-69
24,91,-67
81,23,58
64,45,19
94,29,65
32,39,-7
1,98,-97
31,2,29
48,56,-8
92,80,12
90,93,-3
31,32,-1
27,51,-24
1,85,-84
21,56,-35
2,7,-5
45,4,41
81,77,4
60,80,-20
59,36,23
51,46,5
0,81,-81
31,69,-38
37,45,-8
24,22,2
75,56,19
39,89,-50
72,82,-10
23,82,-59
11,34,-23
42,83,-41
78,41,37
34,92,-58
59,70,-11
97,26,71
80,68,12
32,81,-49
36,66,-30
16,88,-72
75,32,43
41,27,14
44,93,-49
47,59,-12
78,59,19
53,91,-38
9,80,-71
40,39,1
45,94,-49
15,86,-71
53,42,11
47,84,-37
77,62,15
25,31,-6
61,70,-9
16,80,-64
62,67,-5
32,5,27
21,10,11
76,52,24
56,49,7
79,8,71
60,50,10
59,78,-19
84,76,8
49,20,29
39,56,-17
45,92,-47
21,90,-69
19,82,-63
90,52,38
81,82,-1
56,9,47
40,70,-30
57,83,-26
13,31,-18
69,95,-26
60,78,-18
21,86,-65
42,1,41
5,72,-67
23,85,-62
45,52,-7
47,15,32
90,75,15
25,75,-50
34,54,-20
33,73,-40
31,30,1
18,84,-66
22,48,-26
5,16,-11
2,53,-51
49,76,-27
85,86,-1
92,9,83
75,62,13
29,84,-55
81,12,69
25,77,-52
97,58,39
69,42,27
24,80,-56
23,53,-30
99,10,89
25,28,-3
25,10,15
54,47,7
82,81,1
17,89,-72
84,18,66
52,33,19
54,90,-36
4,3,1
36,18,18
60,55,5
51,19,32
8,19,-11
57,97,-40
63,1,62
66,9,57
16,40,-24
43,44,-1
88,36,52
94,98,-4
85,96,-11
12,89,-77
11,49,-38
71,5,66
25,86,-61
25,64,-39
30,23,7
39,19,20
55,28,27
7,90,-83
40,95,-55
78,76,2
3,87,-84
68,1,67
21,19,2
18,9,9
13,67,-54
1,30,-29
89,70,19
29,92,-63
60,12,48
55,2,53
26,27,-1
32,32,0
21,40,-19
35,53,-18
87,73,14
38,26,12
46,21,25
44,10,34
44,81,-37
71,53,18
55,52,3
26,17,9
63,32,31
52,61,-9
80,25,55
50,5,45
6,35,-29
34,7,27
58,42,16
86,38,48
20,71,-51
76,95,-19
80,34,46
18,47,-29
86,16,70
95,34,61
90,36,54
29,83,-54
69,47,22
9,81,-72
97,96,1
16,51,-35
28,30,-2
11,5,6
16,22,-6
38,89,-51
61,82,-21
41,20,21
21,39,-18
6,40,-34
37,72,-35
88,74,14
88,95,-7
88,93,-5
4,71,-67
52,66,-14
6,46,-40
29,75,-46
33,41,-8
2,47,-45
8,21,-13
57,85,-28
63,67,-4
46,20,26
92,93,-1
19,2,17
51,2,49
89,79,10
3,10,-7
50,60,-10
20,81,-61
1,88,-87
62,9,53
50,89,-39
8,36,-28
5,53,-48
24,57,-33
10,67,-57
15,61,-46
42,10,32
66,81,-15
10,94,-84
64,27,37
5,36,-31
77,28,49
14,44,-30
69,28,41
77,83,-6
68,48,20
30,89,-59
48,49,-1
96,36,60
61,46,15
30,2,28
52,12,40
65,23,42
74,97,-23
83,22,61
73,80,-7
65,74,-9
65,46,19
61,42,19
66,73,-7
69,1,68
8,22,-14
69,63,6
75,2,73
21,82,-61
38,98,-60
45,5,40
48,5,43
96,47,49
21,32,-11
61,11,50
25,25,0
79,86,-7
69,2,67
88,61,27
90,96,-6
71,50,21
0,93,-93
83,43,40
60,14,46
73,64,9
42,0,42
37,19,18
2,70,-68
65,6,59
90,25,65
88,54,34
56,52,4
36,75,-39
46,3,43
23,31,-8
95,96,-1
8,52,-44
78,6,72
32,24,8
12,62,-50
12,24,-12
69,90,-21
18,26,-8
14,24,-10
16,47,-31
60,33,27
18,81,-63
91,13,78
44,26,18
21,60,-39
22,22,0
89,83,6
27,71,-44
13,34,-21
84,33,51
45,94,-49
9,10,-1
87,58,29
10,40,-30
39,45,-6
64,82,-18
84,69,15
31,7,24
48,80,-32
53,25,28
30,2,28
49,4,45
67,83,-16
18,58,-40
11,79,-68
83,71,12
19,42,-23
84,36,48
79,82,-3
99,43,56
59,93,-34
36,17,19
58,54,4
58,22,36
51,96,-45
89,33,56
61,23,38
80,96,-16
72,30,42
8,59,-51
3,56,-53
42,57,-15
68,37,31
66,59,7
56,81,-25
73,71,2
96,70,26
25,77,-52
25,38,-13
6,93,-87
55,99,-44
82,34,48
84,18,66
45,16,29
57,90,-33
64,27,37
88,83,5
10,5,5
96,21,75
59,97,-38
89,95,-6
92,54,38
64,29,35
19,59,-40
13,82,-69
50,39,11
52,85,-33
96,35,61
97,34,63
74,79,-5
52,63,-11
67,58,9
79,97,-18
30,94,-64
31,87,-56
98,59,39
91,89,2
80,64,16
50,7,43
62,80,-18
16,19,-3
99,64,35
80,61,19
42,36,6
64,61,3
54,61,-7
74,70,4
50,34,16
61,68,-7
6,97,-91
56,55,1
88,88,0
92,83,9
98,91,7
32,10,22
10,76,-66
93,16,77
33,47,-14
21,25,-4
21,18,3
17,81,-64
37,35,2
31,59,-28
1,87,-86
89,60,29
9,50,-41
32,58,-26
10,20,-10
3,71,-68
54,67,-13
28,10,18
75,6,69
40,73,-33
8,77,-69
93,62,31
34,50,-16
50,59,-9
88,25,63
38,17,21
72,79,-7
29,70,-41
16,41,-25
21,35,-14
5,93,-88
2,50,-48
50,92,-42
26,85,-59
73,3,70
91,51,40
9,43,-34
9,4,5
83,73,10
70,66,4
83,14,69
9,90,-81
4,29,-25
92,10,82
11,9,2
82,18,64
65,79,-14
99,94,5
44,67,-23
13,10,3
58,31,27
84,23,61
41,16,25
10,13,-3
53,60,-7
93,22,71
89,82,7
31,71,-40
0,15,-15
42,36,6
81,12,69
36,55,-19
41,64,-23
57,3,54
5,58,-53
56,31,25
41,0,41
91,41,50
36,82,-46
62,65,-3
84,63,21
13,63,-50
46,22,24
45,99,-54
51,27,24
21,91,-70
83,51,32
89,54,35
2,78,-76
10,14,-4
86,14,72
38,3,35
68,91,-23
27,74,-47
50,30,20
94,17,77
17,35,-18
45,62,-17
42,76,-34
26,1,25
95,71,24
89,98,-9
45,18,27
21,77,-56
28,63,-35
28,22,6
67,94,-27
19,1,18
9,31,-22
21,84,-63
30,54,-24
94,49,45
57,24,33
8,85,-77
37,16,21
75,43,32
65,78,-13
60,97,-37
77,41,36
63,7,56
75,47,28
66,99,-33
60,87,-27
3,24,-21
2,49,-47
78,75,3
93,70,23
77,87,-10
44,89,-45
51,80,-29
25,23,2
80,54,26
72,77,-5
6,96,-90
81,40,41
43,56,-13
59,26,33
68,9,59
4,56,-52
53,20,33
41,28,13
93,65,28
48,2,46
11,41,-30
14,71,-57
88,3,85
54,97,-43
57,73,-16
65,91,-26
67,68,-1
15,56,-41
71,68,3
83,10,73
94,13,81
41,98,-57
5,98,-93
88,56,32
39,68,-29
65,5,60
98,22,76
65,5,60
70,79,-9
44,28,16
22,28,-6
69,84,-15
87,27,60
19,89,-70
82,82,0
98,45,53
3,30,-27
16,45,-29
62,26,36
21,12,9
98,82,16
97,71,26
15,13,2
22,66,-44
5,21,-16
66,58,8
41,24,17
0,20,-20
21,2,19
17,95,-78
63,71,-8
44,64,-20
26,73,-47
71,63,8
71,60,11
40,31,9
14,8,6
50,45,5
11,76,-65
56,94,-38
34,10,24
98,62,36
9,86,-77
53,29,24
35,72,-37
33,94,-61
34,94,-60
87,79,8
90,94,-4
10,85,-75
71,42,29
36,33,3
73,23,50
48,10,38
26,39,-13
33,34,-1
48,25,23
55,10,45
61,73,-12
3,8,-5
71,72,-1
83,11,72
1,50,-49
14,70,-56
23,54,-31
90,86,4
25,36,-11
54,47,7
62,79,-17
60,91,-31
92,77,15
63,14,49
10,52,-42
53,90,-37
61,33,28
13,64,-51
99,59,40
89,83,6
32,99,-67
89,47,42
62,22,40
57,70,-13
54,98,-44
37,41,-4
17,86,-69
82,57,25
92,28,64
80,20,60
83,32,51
90,44,46
6,65,-59
11,59,-48
31,29,2
19,9,10
62,10,52
26,76,-50
33,13,20
2,7,-5
58,83,-25
89,29,60
94,13,81
81,75,6
48,77,-29
77,52,25
80,95,-15
44,82,-38
58,61,-3
98,22,76
27,43,-16
29,18,11
38,70,-32
78,54,24
7,14,-7
45,39,6
86,19,67
37,87,-50
79,80,-1
16,86,-70
16,34,-18
54,12,42
79,47,32
83,24,59
91,78,13
71,76,-5
46,37,9
92,8,84
11,15,-4
25,86,-61
41,14,27
10,0,10
14,8,6
37,83,-46
17,36,-19
84,82,2
30,62,-32
46,78,-32
45,12,33
34,49,-15
52,56,-4
32,84,-52
79,2,77
48,38,10
58,88,-30
9,97,-88
51,94,-43
67,65,2
53,61,-8
98,73,25
13,39,-26
46,87,-41
61,9,52
75,77,-2
83,5,78
46,84,-38
10,93,-83
90,49,41
66,93,-27
22,88,-66
97,52,45
6,9,-3
33,2,31
15,45,-30
3,89,-86
13,15,-2
1,45,-44
37,22,15
26,36,-10
79,40,39
27,17,10
41,99,-58
77,58,19
32,64,-32
87,12,75
50,41,9
15,78,-63
6,10,-4
57,98,-41
78,52,26
96,37,59
13,37,-24
18,38,-20
85,56,29
61,69,-8
11,3,8
20,25,-5
26,40,-14
14,93,-79
49,16,33
71,30,41
57,52,5
90,74,16
57,35,22
97,61,36
46,10,36
20,37,-17
59,12,47
25,31,-6
89,57,32
94,29,65
58,40,18
41,74,-33
67,96,-29
93,88,5
44,28,16
24,43,-19
46,90,-44
66,57,9
58,50,8
36,27,9
3,6,-3
84,8,76
49,29,20
29,71,-42
47,11,36
49,10,39
81,74,7
94,2,92
4,39,-35
60,11,49
72,30,42
34,57,-23
39,21,18
43,63,-20
74,67,7
62,5,57
26,49,-23
80,21,59
65,34,31
98,52,46
72,93,-21
69,77,-8
34,6,28
5,13,-8
4,43,-39
45,20,25
22,43,-21
46,1,45
67,83,-16
39,44,-5
92,69,23
33,76,-43
24,64,-40
7,25,-18
19,47,-28
71,91,-20
79,7,72
17,40,-23
34,25,9
56,44,12
27,66,-39
12,15,-3
89,79,10
87,13,74
32,2,30
23,79,-56
14,72,-58
16,99,-83
95,84,11
54,21,33
68,89,-21
84,77,7
27,92,-65
55,97,-42
15,15,0
21,55,-34
29,49,-20
68,15,53
95,95,0
57,99,-42
97,89,8
78,85,-7
42,26,16
21,80,-59
13,60,-47
87,53,34
60,29,31
0,32,-32
68,4,64
76,44,32
62,27,35
32,27,5
64,73,-9
17,41,-24
40,3,37
89,63,26
77,29,48
22,49,-27
88,31,57
22,32,-10
78,94,-16
57,56,1
54,57,-3
97,63,34
14,35,-21
29,22,7
5,40,-35
25,33,-8
77,34,43
83,4,79
48,84,-36
73,37,36
41,64,-23
21,36,-15
25,92,-67
7,18,-11
38,65,-27
5,87,-82
81,2,79
81,67,14
65,6,59
87,52,35
67,33,34
54,44,10
15,19,-4
25,80,-55
53,51,2
64,65,-1
29,50,-21
7,5,2
91,45,46
70,94,-24
53,36,17
90,9,81
74,77,-3
20,32,-12
94,27,67
66,4,62
18,44,-26
54,97,-43
85,90,-5
18,5,13
8,38,-30
96,75,21
6,60,-54
90,45,45
9,6,3
50,16,34
65,69,-4
54,68,-14
58,53,5
66,56,10
10,48,-38
75,27,48
80,33,47
66,30,36
60,17,43
36,27,9
98,67,31
97,24,73
35,99,-64
76,79,-3
6,77,-71
3,45,-42
86,54,32
64,41,23
28,73,-45
8,23,-15
6,85,-79
76,67,9
66,45,21
70,17,53
35,53,-18
39,38,1
55,17,38
29,92,-63
95,79,16
20,23,-3
84,42,42
20,53,-33
86,66,20
87,78,9
53,39,14
5,10,-5
9,96,-87
70,81,-11
77,82,-5
14,83,-69
70,26,44
5,48,-43
12,5,7
96,71,25
55,14,41
91,15,76
11,59,-48
32,38,-6
13,24,-11
81,51,30
87,2,85
42,25,17
44,45,-1
62,15,47
1,46,-45
17,72,-55
94,47,47
18,91,-73
59,94,-35
49,36,13
45,92,-47
43,21,22
72,65,7
88,46,42
70,51,19
1,73,-72
60,85,-25
82,47,35
89,13,76
85,57,28
75,38,37
0,76,-76
72,12,60
55,79,-24
9,49,-40
58,10,48
13,0,13
95,89,6
33,29,4
64,56,8
30,26,4
35,66,-31
74,46,28
2,70,-68
75,86,-11
22,69,-47
75,44,31
70,97,-27
99,5,94
6,21,-15
1,27,-26
62,16,46
54,65,-11
15,21,-6
55,26,29
52,77,-25
66,12,54
29,15,14
63,97,-34
83,81,2
41,7,34
58,39,19
17,69,-52
95,15,80
2,2,0
22,52,-30
57,68,-11
53,83,-30
69,45,24
71,14,57
75,60,15
80,71,9
33,66,-33
25,27,-2
78,60,18
74,18,56
11,81,-70
65,72,-7
40,63,-23
0,61,-61
39,11,28
68,45,23
0,47,-47
97,83,14
65,55,10
27,87,-60
82,48,34
14,11,3
31,39,-8
30,57,-27
52,73,-21
92,78,14
47,51,-4
90,51,39
91,15,76
0,98,-98
90,19,71
52,62,-10
89,7,82
83,31,52
79,68,11
95,27,68
68,72,-4
10,43,-33
83,62,21
9,12,-3
36,57,-21
23,12,11
78,59,19
45,79,-34
4,23,-19
83,39,44
25,49,-24
12,40,-28
13,40,-27
64,56,8
20,22,-2
65,1,64
2,40,-38
29,84,-55
70,13,57
16,61,-45
91,90,1
52,23,29
75,61,14
40,6,34
84,87,-3
90,89,1
69,8,61
1,48,-47
21,43,-22
86,46,40
36,53,-17
74,0,74
83,16,67
72,55,17
31,33,-2
63,65,-2
14,82,-68
27,21,6
78,50,28
45,98,-53
43,20,23
32,26,6
54,23,31
25,57,-32
34,19,15
43,90,-47
86,87,-1
46,18,28
34,48,-14
81,32,49
6,79,-73
40,30,10
98,79,19
26,31,-5
75,85,-10
87,66,21
11,78,-67
50,54,-4
4,34,-30
23,22,1
44,83,-39
97,45,52
64,88,-24
23,22,1
24,75,-51
34,92,-58
57,97,-40
9,27,-18
89,77,12
59,35,24
55,39,16
8,19,-11
79,40,39
36,25,11
19,44,-25
56,74,-18
17,6,11
32,4,28
90,7,83
86,57,29
91,15,76
82,77,5
66,60,6
69,9,60
0,8,-8
83,86,-3
19,66,-47
37,44,-7
33,31,2
22,3,19
62,13,49
46,2,44
2,19,-17
4,50,-46
34,78,-44
19,46,-27
24,85,-61
88,93,-5
99,96,3
84,98,-14
5,19,-14
12,47,-35
39,62,-23
14,6,8
86,7,79
28,84,-56
4,60,-56
11,12,-1
91,61,30
54,37,17
47,66,-19
77,78,-1
2,54,-52
80,44,36
72,40,32
67,52,15
98,67,31
72,33,39
21,95,-74
82,90,-8
12,18,-6
98,14,84
54,65,-11
39,38,1
92,39,53
89,27,62
66,72,-6
50,26,24
71,83,-12
7,91,-84
63,3,60
3,57,-54
25,47,-22
52,9,43
59,31,28
49,55,-6
18,16,2
72,85,-13
70,32,38
20,44,-24
22,50,-28
77,77,0
28,50,-22
90,65,25
10,36,-26
35,57,-22
38,95,-57
37,62,-25
28,34,-6
65,84,-19
43,65,-22
44,9,35
26,42,-16
7,70,-63
67,8,59
69,84,-15
11,54,-43
72,94,-22
37,36,1
21,46,-25
68,83,-15
29,42,-13
33,81,-48
80,71,9
40,89,-49
8,41,-33
79,95,-16
64,9,55
82,71,11
98,40,58
64,28,36
0,37,-37
3,60,-57
74,83,-9
74,60,14
64,37,27
21,28,-7
40,4,36
71,92,-21
91,61,30
1,82,-81
29,66,-37
11,23,-12
96,17,79
67,6,61
35,48,-13
31,90,-59
37,99,-62
81,61,20
25,43,-18
45,98,-53
70,37,33
38,64,-26
67,62,5
4,48,-44
19,72,-53
14,49,-35
27,40,-13
75,7,68
94,53,41
39,65,-26
94,35,59
49,37,12
23,79,-56
21,96,-75
89,99,-10
73,71,2
6,27,-21
22,98,-76
32,71,-39
71,23,48
4,75,-71
33,44,-11
64,49,15
65,53,12
99,82,17
15,90,-75
20,49,-29
20,78,-58
67,18,49
27,46,-19
89,39,50
78,24,54
20,60,-40
23,96,-73
76,23,53
60,20,40
58,87,-29
64,6,58
46,37,9
35,5,30
21,28,-7
74,6,68
59,45,14
77,90,-13
19,11,8
22,39,-17
49,18,31
83,29,54
61,75,-14
80,57,23
47,82,-35
26,39,-13
35,94,-59
95,71,24
81,87,-6
79,81,-2
71,54,17
89,33,56
51,51,0
10,5,5
9,85,-76
81,69,12
38,26,12
58,43,15
10,50,-40
34,82,-48
67,31,36
3,10,-7
71,72,-1
77,85,-8
68,21,47
42,9,33
29,95,-66
35,93,-58
50,14,36
51,71,-20
37,21,16
82,36,46
55,85,-30
41,20,21
6,49,-43
30,6,24
6,65,-59
3,13,-10
95,95,0
27,13,14
53,55,-2
55,50,5
38,29,9
81,85,-4
3,76,-73
19,44,-25
12,29,-17
22,62,-40
56,6,50
25,86,-61
75,44,31
30,4,26
92,57,35
19,25,-6
86,66,20
38,42,-4
31,28,3
67,49,18
45,18,27
19,40,-21
97,12,85
86,80,6
26,72,-46
68,68,0
37,49,-12
88,71,17
44,2,42
50,88,-38
91,39,52
68,87,-19
32,71,-39
19,33,-14
86,85,1
39,8,31
89,30,59
65,96,-31
0,72,-72
11,50,-39
8,33,-25
61,47,14
58,74,-16
75,35,40
93,74,19
98,63,35
42,30,12
59,49,10
83,70,13
85,82,3
43,67,-24
6,5,1
92,94,-2
19,81,-62
5,46,-41
66,7,59
47,94,-47
70,46,24
73,88,-15
73,10,63
71,31,40
74,73,1
47,53,-6
22,79,-57
22,8,14
18,31,-13
53,95,-42
53,56,-3
51,73,-22
92,26,66
93,15,78
68,64,4
51,83,-32
83,19,64
40,12,28
6,19,-13
31,42,-11
95,74,21
55,10,45
78,70,8
31,55,-24
41,50,-9
25,2,23
9,40,-31
36,82,-46
90,75,15
99,80,19
63,29,34
74,74,0
75,23,52
74,9,65
72,44,28
50,61,-11
96,46,50
89,96,-7
39,74,-35
33,11,22
17,11,6
83,24,59
43,42,1
98,32,66
24,73,-49
1,3,-2
12,16,-4
48,43,5
70,40,30
92,94,-2
86,79,7
58,93,-35
78,93,-15
57,90,-33
73,87,-14
74,54,20
19,40,-21
89,32,57
19,18,1
0,15,-15
91,0,91
87,98,-11
5,73,-68
24,65,-41
60,60,0
73,22,51
9,68,-59
75,75,0
74,30,44
13,77,-64
51,27,24
23,18,5
81,5,76
75,67,8
27,46,-19
42,9,33
19,45,-26
46,95,-49
93,80,13
43,90,-47
53,76,-23
42,1,41
3,78,-75
83,30,53
83,69,14
57,36,21
21,48,-27
87,81,6
87,6,81
61,49,12
24,11,13
62,17,45
44,17,27
37,11,26
34,43,-9
42,76,-34
82,21,61
75,22,53
48,79,-31
2,23,-21
68,75,-7
9,87,-78
5,41,-36
46,52,-6
81,53,28
57,8,49
41,82,-41
97,73,24
2,92,-90
87,91,-4
87,55,32
21,23,-2
65,10,55
53,78,-25
48,74,-26
59,70,-11
64,89,-25
64,93,-29
78,35,43
93,42,51
5,64,-59
92,78,14
54,26,28
57,5,52
9,26,-17
20,89,-69
98,68,30
16,19,-3
30,50,-20
8,16,-8
4,73,-69
84,57,27
5,5,0
57,28,29
17,2,15
44,29,15
49,85,-36
82,34,48
47,32,15
74,64,10
36,36,0
36,66,-30
78,25,53
7,36,-29
33,53,-20
60,88,-28
47,50,-3
22,95,-73
36,44,-8
41,73,-32
0,30,-30
79,64,15
79,98,-19
4,45,-41
37,73,-36
4,98,-94
95,57,38
77,22,55
30,49,-19
2,30,-28
11,72,-61
28,46,-18
46,33,13
7,36,-29
91,24,67
18,36,-18
36,67,-31
15,87,-72
52,96,-44
36,12,24
9,61,-52
42,42,0
0,47,-47
64,53,11
97,32,65
94,75,19
21,51,-30
82,62,20
12,25,-13
5,56,-51
86,90,-4
32,1,31
49,58,-9
13,98,-85
6,59,-53
4,64,-60
80,67,13
31,71,-40
97,45,52
10,34,-24
27,99,-72
99,27,72
18,23,-5
55,56,-1
90,73,17
22,87,-65
91,26,65
67,10,57
18,85,-67
27,34,-7
36,93,-57
72,72,0
98,92,6
60,57,3
9,40,-31
48,55,-7
23,59,-36
56,14,42
29,62,-33
37,87,-50
65,49,16
34,85,-51
16,66,-50
12,9,3
0,49,-49
10,14,-4
63,62,1
18,77,-59
29,94,-65
62,18,44
65,83,-18
97,55,42
27,69,-42
42,17,25
47,25,22
29,87,-58
27,73,-46
78,72,6
75,31,44
21,87,-66
66,97,-31
84,94,-10
18,21,-3
64,2,62
72,23,49
73,22,51
50,14,36
33,18,15
27,65,-38
52,6,46
0,17,-17
97,60,37
58,25,33
89,49,40
11,67,-56
33,85,-52
62,79,-17
34,92,-58
40,60,-20
53,27,26
62,59,3
27,43,-16
17,48,-31
67,70,-3
80,74,6
55,29,26
24,92,-68
89,36,53
69,68,1
78,44,34
58,93,-35
5,93,-88
11,15,-4
75,17,58
43,57,-14
92,10,82
48,50,-2
29,23,6
68,58,10
39,85,-46
85,59,26
16,66,-50
93,68,25
53,98,-45
21,43,-22
19,72,-53
59,71,-12
13,76,-63
19,45,-26
88,14,74
46,48,-2
96,79,17
49,36,13
54,35,19
6,22,-16
12,0,12
5,92,-87
18,92,-74
48,87,-39
5,36,-31
3,52,-49
38,65,-27
16,33,-17
33,7,26
31,88,-57
64,11,53
26,97,-71
12,84,-72
51,34,17
79,6,73
54,87,-33
85,85,0
12,3,9
89,24,65
69,9,60
50,0,50
52,33,19
80,59,21
79,15,64
74,37,37
97,16,81
5,82,-77
13,67,-54
31,39,-8
88,66,22
68,13,55
58,12,46
15,97,-82
77,47,30
41,56,-15
83,38,45
98,28,70
51,67,-16
31,52,-21
50,32,18
36,83,-47
86,52,34
78,62,16
98,42,56
50,24,26
52,30,22
55,88,-33
83,94,-11
15,45,-30
64,70,-6
25,12,13
85,87,-2
16,69,-53
38,73,-35
25,20,5
39,24,15
68,62,6
13,49,-36
51,39,12
22,7,15
60,58,2
1,15,-14
12,18,-6
12,56,-44
34,80,-46
71,2,69
7,76,-69
27,47,-20
51,61,-10
87,5,82
46,40,6
28,24,4
4,63,-59
78,10,68
81,86,-5
41,0,41
16,44,-28
31,62,-31
97,47,50
34,87,-53
97,65,32
85,63,22
63,47,16
36,6,30
53,87,-34
27,74,-47
40,50,-10
76,27,49
35,50,-15
3,24,-21
95,30,65
33,56,-23
72,45,27
49,12,37
6,4,2
9,68,-59
88,54,34
11,0,11
90,23,67
15,49,-34
98,22,76
51,41,10
1,66,-65
85,83,2
81,9,72
7,26,-19
47,66,-19
22,55,-33
67,12,55
92,79,13
73,27,46
88,18,70
36,59,-23
89,4,85
63,99,-36
41,32,9
60,39,21
43,67,-24
75,38,37
42,68,-26
34,68,-34
65,12,53
31,36,-5
11,11,0
64,73,-9
82,23,59
39,99,-60
59,44,15
36,75,-39
11,20,-9
8,6,2
60,18,42
9,98,-89
36,79,-43
96,16,80
71,15,56
1,53,-52
26,8,18
31,60,-29
28,37,-9
22,50,-28
55,12,43
56,91,-35
3,18,-15
90,99,-9
55,68,-13
0,45,-45
70,31,39
41,99,-58
49,37,12
0,37,-37
91,79,12
24,51,-27
95,77,18
33,43,-10
61,85,-24
72,3,69
73,49,24
91,42,49
36,82,-46
74,72,2
76,51,25
55,83,-28
19,62,-43
83,10,73
91,23,68
59,66,-7
26,83,-57
81,56,25
97,71,26
25,29,-4
6,67,-61
45,40,5
79,12,67
28,9,19
45,76,-31
84,31,53
12,65,-53
24,95,-71
16,39,-23
65,40,25
90,41,49
82,65,17
51,11,40
4,69,-65
33,83,-50
2,38,-36
12,19,-7
34,80,-46
83,2,81
11,20,-9
31,64,-33
37,31,6
68,17,51
17,36,-19
63,11,52
56,42,14
2,83,-81
41,26,15
73,56,17
82,0,82
67,57,10
61,99,-38
99,88,11
83,85,-2
42,52,-10
82,55,27
96,92,4
65,59,6
27,27,0
84,18,66
36,94,-58
8,58,-50
65,21,44
27,90,-63
47,67,-20
28,48,-20
10,10,0
82,94,-12
70,19,51
84,20,64
18,45,-27
7,91,-84
53,26,27
35,69,-34
44,75,-31
56,80,-24
25,17,8
37,60,-23
0,61,-61
91,25,66
31,20,11
94,22,72
49,51,-2
3,57,-54
45,68,-23
5,73,-68
22,0,22
13,31,-18
0,22,-22
66,61,5
58,49,9
57,16,41
49,79,-30
31,11,20
94,18,76
62,49,13
18,13,5
48,65,-17
23,39,-16
88,52,36
68,13,55
75,64,11
67,6,61
96,66,30
40,22,18
29,68,-39
93,60,33
55,80,-25
25,41,-16
31,3,28
48,68,-20
25,39,-14
55,78,-23
14,68,-54
67,81,-14
17,7,10
70,17,53
89,21,68
60,17,43
87,2,85
41,7,34
68,5,63
36,21,15
5,8,-3
86,9,77
43,0,43
11,12,-1
86,84,2
2,10,-8
30,14,16
45,13,32
36,59,-23
3,70,-67
32,75,-43
14,97,-83
2,50,-48
53,65,-12
40,53,-13
7,89,-82
63,2,61
71,16,55
72,82,-10
59,83,-24
50,7,43
95,16,79
13,57,-44
46,31,15
52,79,-27
16,95,-79
78,59,19
16,0,16
77,31,46
88,92,-4
33,54,-21
9,3,6
38,0,38
14,22,-8
94,87,7
1,56,-55
97,98,-1
23,16,7
91,7,84
3,99,-96
0,75,-75
54,0,54
21,43,-22
47,85,-38
3,42,-39
2,52,-50
51,42,9
30,43,-13
95,22,73
6,98,-92
49,37,12
40,38,2
75,15,60
55,65,-10
98,22,76
9,22,-13
98,27,71
36,39,-3
98,70,28
69,66,3
57,59,-2
81,3,78
72,17,55
41,10,31
19,50,-31
55,50,5
92,51,41
68,90,-22
3,87,-84
87,74,13
12,59,-47
46,21,25
97,5,92
26,20,6
13,47,-34
59,26,33
52,40,12
26,44,-18
17,52,-35
24,43,-19
68,89,-21
85,56,29
99,24,75
17,58,-41
9,97,-88
5,23,-18
69,19,50
32,48,-16
90,9,81
49,66,-17
90,78,12
65,91,-26
72,54,18
16,64,-48
52,12,40
57,0,57
62,75,-13
30,60,-30
39,8,31
5,79,-74
44,71,-27
11,71,-60
56,39,17
46,51,-5
9,71,-62
94,10,84
69,46,23
28,6,22
66,41,25
50,86,-36
6,49,-43
65,91,-26
16,91,-75
54,18,36
11,93,-82
17,85,-68
45,89,-44
18,29,-11
24,94,-70
8,90,-82
11,68,-57
93,7,86
57,29,28
98,32,66
83,95,-12
6,88,-82
57,94,-37
61,36,25
6,30,-24
19,82,-63
42,62,-20
74,86,-12
22,89,-67
5,53,-48
90,97,-7
66,36,30
31,12,19
55,94,-39
74,51,23
15,3,12
45,76,-31
81,62,19
29,16,13
56,45,11
80,9,71
32,41,-9
54,1,53
34,73,-39
68,2,66
48,59,-11
92,60,32
81,75,6
38,59,-21
90,77,13
98,78,20
92,12,80
72,9,63
94,30,64
45,96,-51
53,17,36
34,17,17
28,51,-23
85,41,44
44,29,15
45,70,-25
29,82,-53
74,25,49
78,73,5
20,30,-10
23,52,-29
21,60,-39
61,20,41
78,50,28
45,14,31
52,40,12
73,75,-2
78,22,56
74,85,-11
88,2,86
16,13,3
35,20,15
31,26,5
25,4,21
93,52,41
38,10,28
52,51,1
9,2,7
78,44,34
48,62,-14
24,8,16
27,29,-2
37,6,31
16,33,-17
43,45,-2
62,43,19
97,42,55
53,65,-12
57,81,-24
33,70,-37
70,51,19
16,27,-11
26,52,-26
72,18,54
20,48,-28
84,98,-14
22,46,-24
0,15,-15
93,71,22
29,0,29
80,64,16
49,72,-23
70,14,56
36,86,-50
36,0,36
93,81,12
66,49,17
8,11,-3
7,33,-26
20,5,15
69,35,34
90,80,10
81,95,-14
47,34,13
3,3,0
12,12,0
54,60,-6
59,69,-10
89,74,15
83,92,-9
26,80,-54
54,38,16
23,53,-30
75,69,6
50,69,-19
19,36,-17
73,3,70
70,44,26
29,17,12
54,39,15
88,29,59
8,63,-55
25,54,-29
47,99,-52
5,64,-59
46,43,3
77,47,30
38,31,7
10,81,-71
5,1,4
53,85,-32
96,67,29
94,70,24
53,90,-37
23,91,-68
76,89,-13
7,98,-91
66,41,25
41,45,-4
85,37,48
65,78,-13
93,4,89
42,8,34
78,87,-9
16,32,-16
39,52,-13
44,76,-32
40,81,-41
37,10,27
95,88,7
53,42,11
78,76,2
88,66,22
82,16,66
49,17,32
48,8,40
19,48,-29
7,55,-48
96,81,15
44,81,-37
31,69,-38
21,67,-46
3,80,-77
48,19,29
87,94,-7
79,72,7
75,60,15
70,82,-12
47,27,20
4,21,-17
24,18,6
23,10,13
80,33,47
72,13,59
87,73,14
30,6,24
84,24,60
81,36,45
74,19,55
85,41,44
1,96,-95
77,12,65
21,47,-26
23,52,-29
35,59,-24
71,47,24
50,41,9
58,27,31
65,86,-21
83,93,-10
80,89,-9
62,75,-13
58,36,22
85,56,29
28,96,-68
13,31,-18
54,38,16
87,33,54
71,68,3
34,59,-25
93,41,52
98,78,20
65,74,-9
91,20,71
90,29,61
12,39,-27
24,0,24
69,96,-27
51,38,13
25,75,-50
68,9,59
78,15,63
43,9,34
19,19,0
29,31,-2
82,38,44
73,83,-10
67,39,28
84,37,47
76,24,52
36,17,19
33,80,-47
77,84,-7
84,18,66
49,50,-1
23,84,-61
74,68,6
29,52,-23
86,12,74
5,9,-4
82,50,32
40,3,37
21,11,10
36,46,-10
63,48,15
56,81,-25
62,28,34
0,91,-91
20,72,-52
47,82,-35
14,18,-4
62,28,34
78,80,-2
14,37,-23
89,48,41
81,87,-6
35,85,-50
31,67,-36
81,50,31
32,30,2
68,9,59
75,65,10
88,41,47
35,42,-7
9,3,6
24,51,-27
97,21,76
30,14,16
60,52,8
97,40,57
42,20,22
86,22,64
62,17,45
29,49,-20
43,69,-26
22,4,18
98,14,84
17,31,-14
26,12,14
22,17,5
37,19,18
5,11,-6
39,89,-50
92,18,74
0,69,-69
96,10,86
89,60,29
69,78,-9
75,29,46
72,31,41
92,71,21
34,16,18
6,93,-87
50,70,-20
48,32,16
81,19,62
41,28,13
96,59,37
86,6,80
21,58,-37
37,19,18
82,95,-13
10,66,-56
55,11,44
67,67,0
57,9,48
63,57,6
67,4,63
24,0,24
16,13,3
77,8,69
24,44,-20
99,68,31
19,9,10
47,5,42
44,83,-39
47,0,47
91,22,69
21,18,3
9,85,-76
91,1,90
25,52,-27
70,50,20
32,49,-17
30,51,-21
56,37,19
58,67,-9
2,67,-65
57,87,-30
26,40,-14
19,69,-50
5,41,-36
1,9,-8
81,54,27
27,15,12
74,77,-3
58,77,-19
9,83,-74
39,84,-45
58,49,9
29,70,-41
26,45,-19
65,44,21
94,52,42
81,26,55
78,93,-15
53,19,34
6,54,-48
56,99,-43
41,75,-34
88,81,7
5,42,-37
74,19,55
99,86,13
36,1,35
71,86,-15
11,76,-65
47,5,42
72,5,67
66,28,38
53,95,-42
62,62,0
42,54,-12
70,38,32
21,26,-5
82,85,-3
89,94,-5
31,45,-14
28,67,-39
53,28,25
1,76,-75
24,76,-52
34,94,-60
27,20,7
72,92,-20
13,79,-66
20,11,9
43,58,-15
98,82,16
78,86,-8
88,51,37
74,85,-11
61,34,27
36,39,-3
14,13,1
53,11,42
63,10,53
59,24,35
41,87,-46
53,1,52
27,7,20
87,81,6
42,92,-50
12,30,-18
19,61,-42
30,64,-34
32,1,31
95,98,-3
6,44,-38
24,9,15
44,72,-28
35,85,-50
52,29,23
96,15,81
78,71,7
2,14,-12
34,46,-12
69,96,-27
41,32,9
16,6,10
38,52,-14
87,28,59
80,23,57
97,40,57
15,83,-68
39,35,4
80,15,65
61,29,32
17,82,-65
32,20,12
83,29,54
78,76,2
40,51,-11
61,22,39
68,47,21
28,57,-29
73,82,-9
80,66,14
74,82,-8
60,2,58
35,89,-54
99,2,97
23,60,-37
28,12,16
28,31,-3
85,42,43
30,20,10
96,72,24
66,82,-16
30,40,-10
18,49,-31
30,9,21
40,87,-47
56,37,19
9,95,-86
92,52,40
70,37,33
83,64,19
82,23,59
66,96,-30
80,70,10
78,90,-12
87,56,31
43,6,37
18,64,-46
66,13,53
0,8,-8
90,95,-5
44,4,40
92,75,17
46,82,-36
46,68,-22
30,68,-38
32,73,-41
46,65,-19
49,29,20
17,99,-82
90,89,1
36,7,29
42,99,-57
46,57,-11
56,15,41
9,64,-55
14,21,-7
67,11,56
50,70,-20
16,74,-58
44,79,-35
93,86,7
60,77,-17
40,61,-21
95,61,34
32,16,16
70,41,29
17,98,-81
40,15,25
51,35,16
49,37,12
61,91,-30
67,12,55
49,27,22
60,82,-22
0,20,-20
38,0,38
66,34,32
83,50,33
58,74,-16
24,20,4
12,17,-5
41,43,-2
96,52,44
90,83,7
49,79,-30
87,39,48
26,52,-26
92,21,71
11,83,-72
42,24,18
66,90,-24
55,49,6
84,1,83
66,8,58
15,56,-41
83,86,-3
62,49,13
58,45,13
40,65,-25
26,14,12
39,75,-36
82,25,57
86,95,-9
39,7,32
29,68,-39
89,30,59
93,80,13
85,34,51
18,57,-39
14,62,-48
43,45,-2
19,74,-55
66,79,-13
74,90,-16
26,35,-9
2,37,-35
97,83,14
39,68,-29
11,36,-25
94,47,47
33,73,-40
12,12,0
81,40,41
99,78,21
18,98,-80
20,34,-14
63,48,15
85,47,38
63,98,-35
95,44,51
69,90,-21
77,19,58
78,98,-20
35,65,-30
83,11,72
0,8,-8
15,25,-10
26,46,-20
29,39,-10
2,86,-84
61,51,10
67,28,39
67,27,40
79,39,40
88,87,1
82,47,35
92,20,72
33,43,-10
85,15,70
68,31,37
2,27,-25
27,98,-71
35,36,-1
97,45,52
3,94,-91
10,76,-66
45,91,-46
65,72,-7
28,93,-65
18,60,-42
65,89,-24
58,4,54
95,87,8
42,76,-34
11,13,-2
94,22,72
48,62,-14
17,23,-6
25,80,-55
35,35,0
97,52,45
78,82,-4
70,74,-4
83,70,13
81,12,69
18,50,-32
1,35,-34
49,1,48
37,63,-26
34,58,-24
69,47,22
36,53,-17
48,53,-5
74,40,34
46,79,-33
66,43,23
46,91,-45
4,57,-53
30,5,25
26,57,-31
7,15,-8
11,33,-22
44,69,-25
64,95,-31
29,40,-11
40,56,-16
65,15,50
60,26,34
99,73,26
35,40,-5
95,69,26
46,45,1
68,1,67
5,65,-60
73,97,-24
81,98,-17
95,88,7
37,16,21
72,92,-20
46,9,37
68,63,5
93,86,7
3,96,-93
45,43,2
88,19,69
44,86,-42
69,66,3
51,47,4
10,44,-34
49,99,-50
43,34,9
83,1,82
80,77,3
50,45,5
21,8,13
2,91,-89
74,54,20
16,81,-65
90,40,50
8,62,-54
4,37,-33
90,93,-3
18,36,-18
42,69,-27
81,85,-4
46,29,17
40,79,-39
99,71,28
76,86,-10
33,2,31
40,6,34
20,53,-33
66,41,25
96,21,75
11,15,-4
63,25,38
68,59,9
64,22,42
59,40,19
14,51,-37
50,75,-25
73,92,-19
65,27,38
94,68,26
99,9,90
94,22,72
70,28,42
46,61,-15
53,89,-36
73,19,54
95,67,28
93,52,41
30,34,-4
27,48,-21
66,58,8
6,77,-71
18,77,-59
77,5,72
94,81,13
33,53,-20
2,43,-41
13,24,-11
8,21,-13
98,31,67
56,63,-7
46,70,-24
69,85,-16
73,51,22
13,68,-55
24,65,-41
52,18,34
38,31,7
1,79,-78
73,98,-25
17,54,-37
2,35,-33
6,18,-12
97,33,64
85,1,84
76,29,47
47,56,-9
0,68,-68
35,76,-41
64,76,-12
51,17,34
98,96,2
42,97,-55
73,68,5
97,16,81
33,20,13
68,82,-14
12,7,5
33,50,-17
28,39,-11
5,62,-57
72,89,-17
55,43,12
81,28,53
83,65,18
14,70,-56
0,12,-12
32,24,8
64,95,-31
88,29,59
96,79,17
80,58,22
59,60,-1
59,78,-19
27,87,-60
85,4,81
6,47,-41
27,82,-55
3,28,-25
76,17,59
23,2,21
31,72,-41
32,59,-27
35,62,-27
45,71,-26
7,89,-82
83,14,69
6,26,-20
60,49,11
20,68,-48
73,9,64
24,52,-28
47,43,4
24,16,8
49,13,36
67,96,-29
56,48,8
53,20,33
53,68,-15
70,79,-9
23,86,-63
80,64,16
22,50,-28
58,41,17
76,41,35
90,98,-8
7,81,-74
31,22,9
96,66,30
39,36,3
71,40,31
41,91,-50
42,1,41
33,16,17
93,13,80
89,49,40
39,7,32
46,92,-46
78,85,-7
18,48,-30
26,86,-60
53,45,8
85,24,61
14,77,-63
69,92,-23
23,94,-71
8,10,-2
65,59,6
90,65,25
80,59,21
68,64,4
44,20,24
66,7,59
14,38,-24
5,89,-84
32,40,-8
30,25,5
23,16,7
83,78,5
0,67,-67
2,32,-30
52,31,21
40,49,-9
28,88,-60
21,29,-8
13,78,-65
29,28,1
36,79,-43
83,90,-7
13,33,-20
65,55,10
26,91,-65
74,43,31
76,78,-2
58,86,-28
16,46,-30
39,39,0
36,8,28
91,51,40
12,19,-7
60,81,-21
93,73,20
20,44,-24
48,71,-23
14,29,-15
37,84,-47
65,16,49
9,43,-34
21,57,-36
36,20,16
73,87,-14
66,38,28
10,67,-57
78,84,-6
88,12,76
28,49,-21
31,12,19
4,39,-35
81,77,4
39,15,24
27,38,-11
5,22,-17
73,14,59
52,46,6
25,49,-24
10,15,-5
30,22,8
62,80,-18
62,55,7
65,52,13
33,16,17
75,37,38
90,26,64
12,95,-83
8,15,-7
41,83,-42
48,73,-25
34,11,23
16,39,-23
58,36,22
0,19,-19
96,22,74
6,66,-60
70,20,50
8,82,-74
77,27,50
15,10,5
98,21,77
52,17,35
65,45,20
64,47,17
54,18,36
15,88,-73
48,63,-15
84,52,32
46,98,-52
82,11,71
1,12,-11
70,61,9
62,31,31
58,76,-18
58,94,-36
10,33,-23
34,14,20
13,14,-1
78,35,43
77,55,22
0,60,-60
77,61,16
69,98,-29
7,45,-38
9,74,-65
94,81,13
1,49,-48
5,2,3
64,13,51
58,27,31
60,16,44
95,6,89
75,3,72
84,38,46
8,53,-45
78,62,16
14,47,-33
80,47,33
27,62,-35
25,79,-54
98,32,66
89,57,32
33,41,-8
89,19,70
97,0,97
14,11,3
24,64,-40
65,74,-9
96,63,33
7,16,-9
95,59,36
49,92,-43
2,97,-95
12,54,-42
49,23,26
91,1,90
1,4,-3
6,2,4
84,30,54
78,7,71
47,89,-42
24,75,-51
21,37,-16
38,12,26
32,48,-16
16,77,-61
44,90,-46
49,43,6
17,62,-45
0,13,-13
85,93,-8
61,31,30
19,51,-32
96,38,58
66,30,36
30,80,-50
98,70,28
77,12,65
83,6,77
39,18,21
90,95,-5
54,43,11
92,75,17
76,67,9
18,0,18
66,32,34
22,52,-30
39,73,-34
82,24,58
38,26,12
90,57,33
4,43,-39
61,9,52
56,98,-42
53,54,-1
59,65,-6
13,48,-35
91,71,20
41,12,29
40,71,-31
89,89,0
98,54,44
36,18,18
60,19,41
62,56,6
51,35,16
15,44,-29
19,14,5
3,90,-87
83,22,61
53,65,-12
46,69,-23
44,66,-22
27,19,8
28,93,-65
46,18,28
59,3,56
63,23,40
64,84,-20
35,6,29
19,98,-79
88,19,69
21,91,-70
36,60,-24
95,42,53
63,49,14
67,46,21
44,24,20
44,5,39
63,42,21
51,42,9
54,34,20
1,25,-24
14,50,-36
54,32,22
0,20,-20
50,5,45
84,54,30
71,64,7
20,65,-45
47,17,30
91,77,14
52,11,41
87,62,25
57,92,-35
78,40,38
36,61,-25
99,84,15
62,58,4
72,43,29
33,53,-20
59,88,-29
56,19,37
83,14,69
97,46,51
46,40,6
25,54,-29
82,13,69
13,66,-53
92,50,42
13,18,-5
56,53,3
78,50,28
64,79,-15
81,45,36
37,39,-2
78,73,5
90,12,78
95,22,73
3,82,-79
95,25,70
24,26,-2
34,60,-26
32,79,-47
17,29,-12
49,65,-16
26,40,-14
90,30,60
55,65,-10
82,49,33
63,73,-10
59,88,-29
84,53,31
99,80,19
53,68,-15
21,82,-61
60,53,7
52,21,31
34,8,26
74,20,54
16,23,-7
45,49,-4
59,73,-14
42,30,12
9,84,-75
37,30,7
11,80,-69
42,75,-33
64,83,-19
12,22,-10
41,86,-45
68,27,41
7,66,-59
83,34,49
88,21,67
89,39,50
14,34,-20
54,40,14
99,91,8
25,67,-42
58,2,56
22,32,-10
67,82,-15
89,24,65
36,37,-1
61,77,-16
15,71,-56
65,19,46
68,8,60
26,12,14
49,12,37
22,23,-1
35,57,-22
70,15,55
59,61,-2
55,25,30
49,11,38
59,75,-16
11,0,11
33,10,23
12,67,-55
81,4,77
51,86,-35
49,97,-48
31,41,-10
5,19,-14
64,28,36
40,75,-35
65,12,53
15,24,-9
24,17,7
28,47,-19
44,4,40
5,67,-62
38,64,-26
86,0,86
73,20,53
55,68,-13
74,44,30
94,52,42
88,14,74
87,9,78
36,7,29
40,97,-57
14,57,-43
19,1,18
95,39,56
7,96,-89
6,85,-79
92,2,90
95,71,24
21,84,-63
95,82,13
97,23,74
64,67,-3
41,79,-38
22,78,-56
54,49,5
43,30,13
60,16,44
80,15,65
13,28,-15
73,45,28
45,41,4
47,5,42
98,66,32
52,86,-34
67,37,30
28,25,3
42,51,-9
6,44,-38
82,31,51
42,72,-30
73,73,0
44,7,37
49,57,-8
45,25,20
23,11,12
65,51,14
40,52,-12
52,38,14
10,67,-57
43,16,27
75,12,63
89,3,86
37,65,-28
3,68,-65
3,49,-46
19,17,2
92,3,89
87,78,9
53,16,37
24,37,-13
48,19,29
90,49,41
42,90,-48
60,37,23
45,7,38
90,36,54
21,69,-48
54,78,-24
76,62,14
27,36,-9
24,90,-66
83,28,55
57,5,52
83,41,42
46,55,-9
66,31,35
24,87,-63
76,66,10
84,40,44
98,93,5
77,17,60
10,24,-14
15,33,-18
63,59,4
67,73,-6
55,83,-28
46,69,-23
9,45,-36
18,2,16
30,92,-62
30,77,-47
47,83,-36
11,41,-30
74,70,4
46,36,10
19,87,-68
2,48,-46
44,9,35
12,20,-8
95,25,70
80,20,60
73,9,64
8,47,-39
0,72,-72
59,56,3
34,94,-60
70,33,37
96,89,7
18,4,14
13,39,-26
56,77,-21
69,47,22
95,23,72
65,27,38
11,88,-77
8,0,8
50,18,32
37,27,10
45,82,-37
37,76,-39
9,52,-43
95,35,60
34,76,-42
33,68,-35
40,29,11
56,71,-15
6,76,-70
54,28,26
85,78,7
80,30,50
39,91,-52
49,7,42
87,9,78
21,94,-73
6,80,-74
66,4,62
38,9,29
53,31,22
61,56,5
26,29,-3
13,58,-45
24,47,-23
58,43,15
37,20,17
89,78,11
45,33,12
45,53,-8
50,28,22
65,28,37
74,57,17
33,23,10
15,55,-40
23,85,-62
76,9,67
96,39,57
2,51,-49
90,34,56
8,20,-12
90,45,45
54,81,-27
37,53,-16
50,9,41
70,14,56
76,48,28
56,60,-4
56,74,-18
52,2,50
85,58,27
29,36,-7
70,61,9
99,65,34
98,26,72
30,1,29
51,16,35
32,42,-10
30,86,-56
73,73,0
43,19,24
52,37,15
27,81,-54
59,41,18
31,98,-67
42,36,6
50,46,4
12,81,-69
75,91,-16
78,23,55
85,19,66
35,74,-39
21,65,-44
61,10,51
79,85,-6
35,40,-5
84,2,82
87,94,-7
22,56,-34
23,74,-51
37,8,29
22,89,-67
8,36,-28
49,65,-16
83,51,32
15,88,-73
65,13,52
86,68,18
23,41,-18
60,8,52
99,38,61
30,56,-26
4,31,-27
67,9,58
0,75,-75
14,95,-81
53,70,-17
21,34,-13
63,19,44
37,64,-27
77,57,20
42,31,11
30,60,-30
93,58,35
36,5,31
55,54,1
20,26,-6
1,21,-20
83,25,58
45,55,-10
66,99,-33
90,76,14
68,78,-10
7,61,-54
80,79,1
80,47,33
12,90,-78
99,76,23
19,17,2
90,51,39
57,59,-2
14,54,-40
78,8,70
63,4,59
39,55,-16
4,63,-59
98,52,46
37,4,33
83,58,25
58,56,2
85,70,15
1,45,-44
78,90,-12
94,28,66
14,29,-15
78,95,-17
88,97,-9
13,95,-82
79,35,44
32,1,31
60,31,29
46,8,38
81,73,8
44,3,41
71,58,13
57,67,-10
65,14,51
62,81,-19
87,59,28
58,30,28
97,6,91
26,8,18
74,83,-9
2,76,-74
9,37,-28
9,2,7
95,33,62
28,91,-63
88,70,18
20,76,-56
55,64,-9
85,88,-3
60,20,40
63,4,59
30,88,-58
49,10,39
91,90,1
82,52,30
90,58,32
42,85,-43
7,72,-65
99,80,19
11,7,4
79,68,11
80,1,79
12,33,-21
69,70,-1
74,1,73
85,78,7
76,94,-18
6,49,-43
47,63,-16
81,50,31
84,97,-13
14,38,-24
34,47,-13
92,93,-1
19,79,-60
66,98,-32
57,74,-17
71,20,51
46,38,8
26,74,-48
71,92,-21
29,19,10
3,83,-80
63,12,51
54,83,-29
34,77,-43
82,71,11
69,32,37
54,37,17
5,48,-43
75,79,-4
19,10,9
40,38,2
12,84,-72
62,39,23
42,58,-16
94,71,23
65,83,-18
45,76,-31
40,7,33
56,50,6
48,80,-32
97,93,4
65,88,-23
83,10,73
5,85,-80
5,4,1
67,32,35
97,65,32
83,59,24
9,9,0
31,11,20
89,37,52
90,28,62
55,24,31
48,67,-19
25,7,18
21,1,20
96,86,10
43,57,-14
29,74,-45
21,96,-75
14,40,-26
16,28,-12
46,18,28
89,78,11
94,15,79
76,18,58
99,31,68
38,68,-30
22,27,-5
72,56,16
45,13,32
75,84,-9
52,27,25
22,87,-65
55,98,-43
95,8,87
43,61,-18
64,84,-20
52,34,18
11,89,-78
7,84,-77
80,84,-4
58,60,-2
53,64,-11
80,90,-10
39,1,38
64,66,-2
30,0,30
0,81,-81
10,67,-57
76,22,54
96,47,49
70,92,-22
83,47,36
50,35,15
72,17,55
74,92,-18
28,50,-22
92,79,13
93,21,72
55,54,1
92,92,0
92,43,49
17,45,-28
45,32,13
92,56,36
73,70,3
13,88,-75
74,88,-14
27,56,-29
69,39,30
5,57,-52
60,33,27
27,93,-66
58,60,-2
35,31,4
73,23,50
37,75,-38
5,75,-70
3,27,-24
76,40,36
44,6,38
70,16,54
63,88,-25
10,90,-80
28,36,-8
77,75,2
86,62,24
90,83,7
25,84,-59
74,83,-9
87,30,57
44,69,-25
95,87,8
27,62,-35
47,27,20
19,83,-64
25,32,-7
60,57,3
97,93,4
4,22,-18
12,5,7
15,57,-42
77,59,18
71,33,38
22,7,15
25,65,-40
88,50,38
37,88,-51
20,53,-33
77,8,69
41,21,20
88,26,62
17,97,-80
19,48,-29
56,78,-22
28,26,2
36,62,-26
53,14,39
78,94,-16
51,82,-31
26,1,25
44,29,15
44,37,7
98,87,11
61,23,38
11,76,-65
27,61,-34
11,87,-76
23,70,-47
61,97,-36
33,76,-43
42,3,39
48,13,35
86,70,16
13,9,4
63,5,58
47,78,-31
57,43,14
46,54,-8
27,82,-55
5,40,-35
6,54,-48
15,60,-45
5,64,-59
14,59,-45
85,82,3
72,11,61
2,15,-13
30,41,-11
41,82,-41
7,91,-84
65,57,8
55,21,34
68,84,-16
66,37,29
87,63,24
0,34,-34
69,31,38
82,19,63
90,21,69
21,44,-23
55,35,20
67,20,47
29,31,-2
37,39,-2
62,81,-19
63,21,42
36,88,-52
96,59,37
95,80,15
97,6,91
42,1,41
5,39,-34
22,51,-29
4,20,-16
52,45,7
8,56,-48
65,40,25
19,13,6
23,72,-49
93,76,17
1,81,-80
15,48,-33
53,88,-35
10,56,-46
58,92,-34
83,2,81
2,67,-65
60,21,39
48,48,0
42,42,0
9,69,-60
29,51,-22
25,83,-58
79,19,60
51,40,11
96,72,24
5,83,-78
18,73,-55
10,72,-62
21,94,-73
69,24,45
49,49,0
46,15,31
59,37,22
20,11,9
76,54,22
29,45,-16
43,66,-23
34,1,33
50,51,-1
26,99,-73
54,82,-28
86,42,44
33,1,32
38,88,-50
94,42,52
60,47,13
36,10,26
21,6,15
36,17,19
52,20,32
60,96,-36
60,18,42
38,42,-4
5,56,-51
18,44,-26
78,70,8
29,90,-61
75,84,-9
93,28,65
58,64,-6
86,91,-5
63,54,9
43,83,-40
34,21,13
74,76,-2
70,41,29
11,18,-7
50,24,26
56,38,18
51,94,-43
36,51,-15
74,30,44
56,65,-9
6,44,-38
58,57,1
68,26,42
41,13,28
87,72,15
66,59,7
8,14,-6
42,55,-13
15,68,-53
39,51,-12
29,50,-21
25,24,1
62,41,21
69,16,53
91,22,69
54,19,35
89,94,-5
88,60,28
72,1,71
99,48,51
23,37,-14
41,50,-9
7,66,-59
75,61,14
32,68,-36
44,63,-19
7,15,-8
47,70,-23
39,84,-45
89,19,70
95,37,58
26,50,-24
96,93,3
80,94,-14
99,13,86
6,99,-93
21,49,-28
1,15,-14
61,5,56
48,10,38
26,50,-24
47,48,-1
2,55,-53
52,75,-23
0,93,-93
78,59,19
47,41,6
17,63,-46
6,14,-8
71,47,24
33,85,-52
4,32,-28
4,36,-32
29,31,-2
50,25,25
79,89,-10
36,17,19
97,46,51
88,70,18
65,65,0
83,21,62
9,54,-45
66,42,24
23,97,-74
56,90,-34
66,41,25
88,51,37
70,73,-3
34,56,-22
74,3,71
62,1,61
47,68,-21
30,22,8
96,17,79
57,0,57
49,7,42
83,40,43
19,13,6
35,35,0
60,75,-15
18,8,10
36,87,-51
83,19,64
32,96,-64
21,19,2
89,43,46
24,81,-57
27,47,-20
10,66,-56
69,51,18
25,49,-24
25,32,-7
96,28,68
53,7,46
73,57,16
97,63,34
98,96,2
51,43,8
6,90,-84
31,35,-4
34,58,-24
90,87,3
65,16,49
74,78,-4
39,14,25
56,18,38
25,76,-51
26,87,-61
94,68,26
27,75,-48
30,38,-8
99,40,59
11,52,-41
73,90,-17
16,24,-8
7,46,-39
70,87,-17
3,67,-64
41,95,-54
24,25,-1
56,7,49
14,63,-49
99,1,98
29,83,-54
59,46,13
20,80,-60
44,76,-32
6,89,-83
36,65,-29
4,18,-14
22,85,-63
76,12,64
48,48,0
81,14,67
6,54,-48
59,87,-28
31,99,-68
47,41,6
64,70,-6
38,10,28
11,89,-78
48,38,10
15,11,4
31,84,-53
36,10,26
67,85,-18
49,41,8
64,12,52
33,22,11
34,21,13
81,31,50
49,38,11
13,20,-7
98,79,19
2,95,-93
1,37,-36
21,7,14
86,7,79
77,68,9
5,40,-35
87,43,44
98,44,54
37,64,-27
59,33,26
28,71,-43
90,87,3
38,75,-37
71,37,34
27,21,6
79,31,48
35,16,19
68,47,21
2,59,-57
75,67,8
28,81,-53
32,50,-18
34,76,-42
43,53,-10
25,65,-40
1,67,-66
37,46,-9
0,92,-92
26,32,-6
5,55,-50
26,21,5
28,42,-14
96,34,62
53,57,-4
32,8,24
61,28,33
41,33,8
80,50,30
8,55,-47
54,83,-29
15,13,2
25,88,-63
85,34,51
26,76,-50
76,76,0
36,18,18
24,70,-46
20,9,11
96,73,23
60,37,23
64,57,7
22,91,-69
93,20,73
69,95,-26
33,92,-59
93,59,34
10,62,-52
96,66,30
76,94,-18
29,7,22
72,53,19
45,57,-12
45,19,26
38,19,19
4,68,-64
52,30,22
32,13,19
22,15,7
83,93,-10
66,67,-1
86,31,55
4,96,-92
74,94,-20
92,77,15
1,53,-52
74,69,5
7,98,-91
73,52,21
19,89,-70
4,5,-1
77,9,68
51,72,-21
79,61,18
9,78,-69
89,81,8
91,40,51
94,42,52
16,24,-8
17,20,-3
7,34,-27
43,39,4
97,87,10
42,34,8
95,66,29
30,22,8
94,73,21
73,20,53
27,79,-52
1,3,-2
29,5,24
1,16,-15
48,53,-5
47,87,-40
80,31,49
11,98,-87
43,27,16
91,67,24
88,68,20
33,20,13
66,52,14
39,56,-17
95,62,33
4,97,-93
67,69,-2
69,30,39
34,56,-22
29,94,-65
51,92,-41
95,11,84
31,25,6
6,11,-5
71,35,36
7,33,-26
39,24,15
37,86,-49
57,90,-33
7,88,-81
43,58,-15
30,18,12
94,79,15
36,0,36
45,61,-16
0,32,-32
25,62,-37
3,77,-74
76,78,-2
18,57,-39
57,96,-39
38,45,-7
27,83,-56
58,39,19
73,75,-2
24,87,-63
50,63,-13
34,54,-20
78,52,26
47,15,32
96,86,10
14,19,-5
57,11,46
73,98,-25
33,86,-53
96,87,9
36,89,-53
52,81,-29
95,71,24
39,49,-10
46,38,8
89,0,89
6,69,-63
98,96,2
78,6,72
72,43,29
24,36,-12
98,38,60
60,49,11
59,57,2
32,26,6
54,96,-42
53,21,32
91,66,25
19,74,-55
3,70,-67
71,90,-19
92,26,66
96,7,89
3,74,-71
43,56,-13
12,9,3
42,5,37
44,36,8
71,99,-28
79,50,29
75,10,65
64,93,-29
15,13,2
11,71,-60
88,11,77
71,98,-27
28,67,-39
59,86,-27
91,0,91
67,3,64
38,34,4
9,14,-5
28,13,15
36,57,-21
8,65,-57
8,74,-66
64,10,54
46,53,-7
49,98,-49
18,89,-71
82,43,39
60,90,-30
24,82,-58
53,29,24
99,43,56
57,61,-4
89,88,1
29,42,-13
87,17,70
9,74,-65
80,89,-9
68,70,-2
17,66,-49
63,37,26
17,31,-14
45,96,-51
26,28,-2
43,79,-36
15,4,11
72,8,64
73,40,33
66,75,-9
83,49,34
59,23,36
64,23,41
65,70,-5
51,45,6
27,33,-6
56,88,-32
85,32,53
80,57,23
55,10,45
11,28,-17
73,42,31
20,13,7
61,62,-1
24,26,-2
99,3,96
36,23,13
45,68,-23
30,9,21
34,25,9
27,12,15
64,6,58
28,28,0
34,52,-18
68,57,11
23,44,-21
26,34,-8
4,71,-67
59,55,4
97,77,20
48,13,35
38,82,-44
60,82,-22
97,2,95
66,95,-29
62,14,48
28,31,-3
87,94,-7
55,28,27
55,73,-18
11,49,-38
60,7,53
88,13,75
74,55,19
24,67,-43
82,68,14
73,65,8
85,64,21
96,29,67
94,46,48
7,32,-25
3,18,-15
48,37,11
48,76,-28
74,0,74
42,39,3
90,30,60
70,73,-3
52,34,18
68,19,49
48,60,-12
33,85,-52
19,73,-54
74,14,60
7,54,-47
50,51,-1
15,59,-44
55,93,-38
93,93,0
70,67,3
15,32,-17
71,44,27
56,35,21
82,76,6
70,95,-25
16,84,-68
46,87,-41
19,35,-16
95,67,28
21,16,5
69,63,6
81,72,9
4,82,-78
52,83,-31
22,65,-43
52,83,-31
1,68,-67
46,63,-17
86,65,21
13,3,10
55,67,-12
99,17,82
63,46,17
54,39,15
49,7,42
85,52,33
3,28,-25
78,37,41
22,31,-9
87,65,22
16,92,-76
14,57,-43
89,21,68
0,49,-49
56,78,-22
99,6,93
33,27,6
61,93,-32
28,74,-46
65,50,15
64,97,-33
62,49,13
77,71,6
18,53,-35
37,68,-31
44,56,-12
93,56,37
61,50,11
29,8,21
94,25,69
53,50,3
50,88,-38
9,40,-31
71,51,20
72,13,59
53,59,-6
45,32,13
22,85,-63
64,59,5
82,73,9
45,4,41
75,30,45
21,66,-45
59,82,-23
21,32,-11
89,57,32
11,41,-30
3,27,-24
51,1,50
63,41,22
63,61,2
38,58,-20
57,1,56
42,84,-42
51,54,-3
74,69,5
32,7,25
31,45,-14
88,40,48
30,40,-10
62,7,55
7,70,-63
90,92,-2
50,7,43
49,20,29
33,56,-23
36,99,-63
75,5,70
1,73,-72
87,85,2
45,32,13
95,7,88
14,10,4
94,92,2
54,58,-4
96,89,7
80,77,3
47,42,5
84,40,44
88,30,58
12,54,-42
8,46,-38
96,10,86
18,59,-41
56,88,-32
18,86,-68
85,81,4
33,20,13
34,89,-55
40,21,19
42,93,-51
1,68,-67
90,45,45
36,21,15
2,91,-89
35,49,-14
28,69,-41
33,68,-35
64,31,33
31,87,-56
65,1,64
35,36,-1
2,96,-94
92,54,38
33,23,10
47,18,29
97,72,25
27,35,-8
69,40,29
95,72,23
38,14,24
81,24,57
34,48,-14
62,17,45
63,27,36
22,6,16
73,53,20
80,36,44
0,87,-87
17,39,-22
42,72,-30
25,56,-31
43,41,2
73,59,14
73,49,24
90,98,-8
85,53,32
35,87,-52
8,70,-62
29,78,-49
69,64,5
6,4,2
41,64,-23
82,31,51
55,99,-44
31,46,-15
9,46,-37
25,98,-73
20,90,-70
55,44,11
34,5,29
76,75,1
61,83,-22
36,21,15
36,96,-60
55,15,40
13,43,-30
22,58,-36
50,51,-1
97,25,72
84,73,11
60,42,18
73,70,3
21,2,19
20,79,-59
3,49,-46
51,31,20
17,51,-34
16,30,-14
27,75,-48
32,87,-55
31,85,-54
94,18,76
10,40,-30
86,8,78
47,71,-24
92,94,-2
9,43,-34
41,75,-34
91,50,41
16,81,-65
96,0,96
22,10,12
55,47,8
64,95,-31
7,14,-7
22,0,22
18,93,-75
96,27,69
44,85,-41
95,99,-4
31,86,-55
67,59,8
89,62,27
88,78,10
36,9,27
50,85,-35
54,29,25
14,15,-1
45,62,-17
15,58,-43
51,24,27
24,54,-30
48,83,-35
92,65,27
20,48,-28
35,22,13
23,88,-65
24,19,5
57,9,48
37,42,-5
82,24,58
86,49,37
74,58,16
75,9,66
80,81,-1
49,79,-30
85,41,44
4,3,1
25,12,13
26,19,7
91,62,29
16,94,-78
40,80,-40
91,8,83
33,52,-19
24,82,-58
17,41,-24
9,94,-85
79,15,64
72,16,56
75,22,53
92,83,9
30,72,-42
89,40,49
40,59,-19
33,60,-27
71,91,-20
96,43,53
49,30,19
75,55,20
29,31,-2
27,72,-45
94,31,63
15,87,-72
73,93,-20
64,41,23
66,85,-19
95,24,71
43,93,-50
16,57,-41
73,23,50
38,97,-59
90,92,-2
65,34,31
32,58,-26
20,54,-34
16,22,-6
11,69,-58
93,54,39
3,66,-63
35,74,-39
68,67,1
39,88,-49
94,63,31
5,50,-45
37,54,-17
66,93,-27
29,38,-9
99,69,30
53,70,-17
35,63,-28
25,85,-60
7,95,-88
74,24,50
84,42,42
37,27,10
3,72,-69
88,42,46
58,52,6
21,28,-7
12,44,-32
91,93,-2
30,42,-12
80,87,-7
84,52,32
22,35,-13
29,56,-27
38,10,28
27,22,5
82,94,-12
61,0,61
41,33,8
84,12,72
51,47,4
94,58,36
71,76,-5
13,86,-73
11,57,-46
31,17,14
72,59,13
80,29,51
87,18,69
75,76,-1
64,15,49
36,98,-62
94,60,34
58,38,20
41,47,-6
50,56,-6
49,75,-26
51,31,20
37,34,3
93,55,38
42,98,-56
92,54,38
87,84,3
73,11,62
77,75,2
17,90,-73
32,25,7
41,67,-26
80,11,69
74,95,-21
70,35,35
7,17,-10
91,11,80
13,37,-24
82,89,-7
25,46,-21
21,18,3
84,27,57
31,14,17
54,76,-22
5,4,1
44,75,-31
27,72,-45
3,58,-55
88,34,54
55,70,-15
55,49,6
87,16,71
93,66,27
54,67,-13
77,12,65
29,23,6
89,94,-5
90,96,-6
83,2,81
62,0,62
95,73,22
30,47,-17
60,8,52
85,3,82
84,68,16
38,16,22
46,22,24
93,77,16
31,73,-42
9,95,-86
6,71,-65
53,55,-2
74,14,60
42,63,-21
55,85,-30
98,81,17
27,27,0
35,26,9
93,16,77
10,67,-57
80,67,13
16,49,-33
24,40,-16
13,44,-31
1,1,0
80,48,32
69,47,22
7,17,-10
12,29,-17
55,61,-6
71,61,10
99,85,14
65,92,-27
36,72,-36
10,0,10
29,54,-25
51,95,-44
93,43,50
4,77,-73
71,30,41
62,68,-6
48,8,40
79,23,56
91,95,-4
76,96,-20
99,45,54
16,92,-76
65,98,-33
26,46,-20
75,66,9
98,73,25
60,27,33
58,32,26
61,28,33
71,89,-18
16,75,-59
3,88,-85
40,50,-10
99,21,78
63,27,36
76,18,58
24,61,-37
94,86,8
87,60,27
17,1,16
82,14,68
8,5,3
42,93,-51
81,93,-12
39,2,37
55,65,-10
97,7,90
72,13,59
22,46,-24
17,30,-13
70,49,21
18,14,4
67,23,44
72,75,-3
70,81,-11
48,92,-44
96,30,66
59,50,9
3,94,-91
79,84,-5
88,1,87
51,84,-33
92,3,89
70,10,60
34,98,-64
74,10,64
89,60,29
2,81,-79
39,54,-15
74,71,3
52,26,26
57,95,-38
48,48,0
79,82,-3
38,58,-20
69,69,0
35,77,-42
58,14,44
23,22,1
13,65,-52
74,47,27
44,80,-36
34,98,-64
2,9,-7
53,96,-43
63,59,4
34,52,-18
29,72,-43
70,55,15
10,10,0
7,2,5
39,2,37
86,46,40
1,17,-16
66,87,-21
20,63,-43
0,32,-32
26,4,22
48,68,-20
13,66,-53
75,21,54
70,33,37
16,81,-65
51,23,28
9,86,-77
97,43,54
26,98,-72
22,64,-42
67,87,-20
2,81,-79
4,85,-81
64,11,53
64,18,46
78,61,17
63,51,12
45,13,32
20,51,-31
80,53,27
44,5,39
75,90,-15
68,7,61
11,88,-77
27,76,-49
7,1,6
22,73,-51
47,70,-23
71,85,-14
11,43,-32
30,32,-2
61,37,24
58,32,26
77,13,64
98,32,66
23,2,21
58,55,3
37,3,34
44,94,-50
24,92,-68
41,41,0
1,14,-13
24,26,-2
43,92,-49
75,76,-1
61,41,20
98,30,68
11,45,-34
88,87,1
94,62,32
92,11,81
97,84,13
83,74,9
25,89,-64
67,93,-26
82,66,16
63,43,20
1,42,-41
16,40,-24
28,88,-60
97,42,55
69,61,8
26,58,-32
82,15,67
36,3,33
2,5,-3
5,93,-88
81,52,29
40,89,-49
21,71,-50
94,67,27
29,43,-14
38,14,24
75,39,36
12,33,-21
83,36,47
80,18,62
9,5,4
2,65,-63
19,0,19
84,69,15
84,99,-15
80,79,1
3,59,-56
75,32,43
69,31,38
28,13,15
37,35,2
3,63,-60
61,79,-18
10,60,-50
56,83,-27
21,5,16
95,48,47
63,35,28
61,45,16
97,35,62
36,50,-14
99,99,0
56,21,35
37,21,16
89,49,40
59,15,44
62,16,46
6,19,-13
98,83,15
3,94,-91
69,83,-14
98,43,55
60,7,53
60,44,16
31,50,-19
50,58,-8
25,58,-33
85,51,34
51,51,0
14,75,-61
63,22,41
16,13,3
41,76,-35
87,33,54
28,33,-5
47,2,45
51,17,34
19,26,-7
52,6,46
86,37,49
11,44,-33
89,14,75
0,27,-27
76,92,-16
18,8,10
97,95,2
54,52,2
3,25,-22
6,96,-90
44,14,30
59,45,14
29,61,-32
98,5,93
10,29,-19
16,2,14
68,99,-31
75,35,40
39,35,4
61,41,20
52,27,25
2,83,-81
79,64,15
74,24,50
64,80,-16
21,71,-50
36,13,23
30,46,-16
65,98,-33
98,1,97
61,4,57
50,49,1
15,22,-7
79,11,68
48,8,40
73,96,-23
83,33,50
43,78,-35
59,6,53
54,29,25
59,78,-19
4,40,-36
18,44,-26
97,70,27
23,55,-32
97,4,93
15,30,-15
34,32,2
37,73,-36
53,12,41
14,69,-55
32,61,-29
48,0,48
72,18,54
1,14,-13
99,85,14
56,67,-11
48,55,-7
76,70,6
80,10,70
44,28,16
40,69,-29
45,0,45
42,29,13
32,39,-7
25,99,-74
76,9,67
89,93,-4
84,23,61
35,62,-27
61,13,48
92,20,72
65,0,65
74,32,42
65,48,17
54,32,22
18,75,-57
65,0,65
39,89,-50
33,91,-58
78,69,9
57,82,-25
1,38,-37
95,21,74
1,52,-51
40,14,26
96,54,42
66,71,-5
98,73,25
18,36,-18
13,89,-76
46,12,34
70,68,2
13,95,-82
60,59,1
76,12,64
5,61,-56
23,9,14
88,71,17
47,60,-13
33,15,18
57,92,-35
1,45,-44
64,32,32
27,36,-9
79,99,-20
10,93,-83
57,70,-13
38,72,-34
70,26,44
20,87,-67
66,62,4
15,86,-71
11,52,-41
54,97,-43
34,52,-18
52,38,14
12,2,10
6,76,-70
61,78,-17
61,4,57
1,52,-51
18,90,-72
24,82,-58
27,72,-45
13,15,-2
38,56,-18
12,82,-70
89,79,10
46,28,18
56,61,-5
43,22,21
8,85,-77
39,68,-29
54,87,-33
3,93,-90
74,58,16
71,14,57
60,50,10
81,33,48
99,24,75
94,45,49
7,77,-70
53,75,-22
50,49,1
65,59,6
99,98,1
40,59,-19
38,30,8
96,19,77
12,31,-19
54,0,54
26,41,-15
68,58,10
40,61,-21
67,22,45
17,41,-24
69,85,-16
51,38,13
47,12,35
27,22,5
10,62,-52
45,63,-18
97,40,57
68,91,-23
43,68,-25
51,77,-26
20,10,10
56,61,-5
32,93,-61
20,0,20
70,49,21
84,87,-3
82,85,-3
36,85,-49
89,8,81
19,69,-50
50,98,-48
77,14,63
3,94,-91
73,11,62
47,52,-5
94,53,41
94,49,45
22,38,-16
61,4,57
97,6,91
49,18,31
48,25,23
28,33,-5
49,24,25
0,0,0
76,23,53
74,60,14
79,51,28
39,3,36
65,93,-28
97,86,11
82,18,64
7,43,-36
80,59,21
86,8,78
31,59,-28
79,76,3
45,49,-4
72,66,6
5,67,-62
52,26,26
88,25,63
34,29,5
32,47,-15
0,85,-85
86,83,3
24,4,20
43,44,-1
82,24,58
2,64,-62
78,15,63
63,67,-4
26,11,15
39,96,-57
67,21,46
62,34,28
6,75,-69
25,41,-16
92,15,77
20,33,-13
38,90,-52
2,91,-89
39,92,-53
28,99,-71
37,99,-62
86,60,26
67,95,-28
3,17,-14
29,43,-14
58,19,39
19,9,10
48,2,46
73,67,6
66,49,17
31,39,-8
66,48,18
88,59,29
57,80,-23
36,62,-26
5,92,-87
37,81,-44
22,20,2
7,73,-66
27,60,-33
10,50,-40
53,40,13
72,50,22
82,19,63
65,88,-23
58,39,19
95,16,79
65,55,10
75,29,46
97,29,68
45,50,-5
84,15,69
71,9,62
48,46,2
91,2,89
57,96,-39
98,80,18
58,17,41
5,29,-24
21,71,-50
25,88,-63
14,22,-8
5,79,-74
2,76,-74
70,79,-9
51,93,-42
16,12,4
54,94,-40
31,61,-30
81,71,10
56,5,51
34,91,-57
37,16,21
54,1,53
39,11,28
90,34,56
32,82,-50
90,48,42
77,77,0
98,82,16
44,51,-7
90,71,19
25,97,-72
95,7,88
3,93,-90
64,27,37
71,72,-1
16,1,15
97,46,51
80,76,4
12,32,-20
79,35,44
42,40,2
30,66,-36
23,25,-2
78,15,63
70,41,29
43,91,-48
36,22,14
94,72,22
51,87,-36
56,77,-21
86,29,57
67,28,39
98,61,37
89,77,12
47,99,-52
23,35,-12
92,82,10
20,91,-71
76,32,44
33,96,-63
3,59,-56
42,74,-32
66,51,15
14,38,-24
77,21,56
82,46,36
52,2,50
89,86,3
93,46,47
11,83,-72
13,64,-51
94,73,21
51,24,27
15,45,-30
22,0,22
15,35,-20
21,95,-74
94,28,66
74,49,25
83,5,78
60,86,-26
83,39,44
78,58,20
68,72,-4
30,29,1
69,4,65
16,64,-48
41,83,-42
89,2,87
62,72,-10
2,5,-3
99,49,50
61,27,34
1,85,-84
72,37,35
28,33,-5
10,22,-12
34,58,-24
99,49,50
25,0,25
38,11,27
99,70,29
99,34,65
11,61,-50
81,97,-16
97,14,83
76,36,40
77,76,1
29,54,-25
68,0,68
65,42,23
91,33,58
33,46,-13
78,61,17
51,30,21
63,19,44
0,14,-14
30,92,-62
68,69,-1
35,83,-48
19,29,-10
1,63,-62
27,73,-46
41,72,-31
2,10,-8
76,85,-9